structure(list(sim = c(0.674620731405823, 0.668254301479936, 
0.67282523676787, 0.667215659570523, 0.673785799001398, 0.666713154067014, 
0.671261198188505, 0.666082415712344, 0.666835907504982, 0.669305669693053, 
0.668535046829298, 0.668508262708723, 0.666863588115048, 0.66677653902374, 
0.664593027508094, 0.673642434637881, 0.67232446012417, 0.668798790155687, 
0.674770231679065, 0.671775347852108, 0.667745929061069, 0.667736292464976, 
0.6702075737171, 0.670208242617527, 0.675676262027029, 0.674996113917629, 
0.669300025904225, 0.670810709779731, 0.671881003913299, 0.66575645871643, 
0.668752559411881, 0.658015408212246, 0.672091457670673, 0.672078746742713, 
0.662776951736114, 0.660354434132427, 0.666965720216158, 0.667667176366386, 
0.672949523248232, 0.671538191849103, 0.674984370755506, 0.662820337581938, 
0.672734806136402, 0.675769928085682, 0.670818085936044, 0.659589133292933, 
0.671027108927627, 0.668348247675517, 0.673333357339192, 0.672423558316091, 
0.663439144058733, 0.668851756946982, 0.67337102847798, 0.67146795920252, 
0.668748748539694, 0.665023316941548, 0.663586854513896, 0.672134615107939, 
0.670815785563916, 0.667340257564723, 0.665362030127496, 0.667675937959358, 
0.657745284004645, 0.668802511349033, 0.667104418732714, 0.677145415741132, 
0.670585813665818, 0.659006263601357, 0.670604315674447, 0.67127455343455, 
0.671594999529795, 0.673553737380899, 0.669253949981249, 0.667650157499527, 
0.669384082712625, 0.665091751346273, 0.677729992709839, 0.657849224809583, 
0.665363268336104, 0.666232210993733, 0.669343519334523, 0.669098551233882, 
0.678554888383657, 0.668468973520593, 0.676346566676004, 0.663352349993157, 
0.670751858619372, 0.669721137864314, 0.67049264744079, 0.672168008360846, 
0.664615673223068, 0.670521609305266, 0.667817012817741, 0.660121659797929, 
0.671304254986211, 0.669025414025497, 0.668520909549031, 0.666841315112453, 
0.67085587870293, 0.674516727437134, 0.667821707285865, 0.670895126973808, 
0.663367969118852, 0.672993344396233, 0.674319292299705, 0.66852068926824, 
0.676957672058458, 0.674120282112074, 0.673366243499535, 0.668296685294996, 
0.67329098602388, 0.673238002074769, 0.664205451265904, 0.66296212860557, 
0.670030134636356, 0.657132635160488, 0.671544278013133, 0.670343776251643, 
0.669019445844189, 0.672819343414856, 0.669009537845138, 0.667094310787625, 
0.6653850913416, 0.672782905326823, 0.668850764980106, 0.662538342676532, 
0.668382880117106, 0.67277001728502, 0.662927260747095, 0.669912358874685, 
0.665656410786337, 0.668655673179047, 0.670018109676156, 0.667900740228795, 
0.678587653545758, 0.672731183853114, 0.673120373632958, 0.673622472109644, 
0.665558220591907, 0.668991824769452, 0.66635048934511, 0.666082067166679, 
0.680145512254769, 0.668190939781277, 0.677205116928354, 0.662876631931202, 
0.671320287301257, 0.670298162558373, 0.672324669575765, 0.670519533499083, 
0.672069529374193, 0.667775145880917, 0.67324332903132, 0.672268432370006, 
0.670374622556138, 0.678060536849937, 0.667082978265396, 0.662463457906775, 
0.665922039718689, 0.667129400103352, 0.669619404336017, 0.673143107186151, 
0.672670769920063, 0.668319884467271, 0.672163049310129, 0.67439076105165, 
0.661485266586427, 0.674610781194055, 0.671758274485688, 0.672356366226742, 
0.66883053279169, 0.672961549566455, 0.672048932047748, 0.670682816114635, 
0.668095889272678, 0.666126745527201, 0.667973207473313, 0.672452612805118, 
0.677629519925867, 0.678243954304831, 0.66829683186433, 0.680243896313723, 
0.669764081411958, 0.659527091703479, 0.66299762571905, 0.676047792794835, 
0.669631796202395, 0.677478075234115, 0.671594984417739, 0.668411661267832, 
0.669461243349742, 0.670868912285235, 0.669840119292723, 0.667184112652518, 
0.672986920566062, 0.662768705087511, 0.672737186310233, 0.672652985736386, 
0.663883218903418, 0.669044409458554, 0.670039144371313, 0.672570225186544, 
0.676627304110988, 0.664619863039951, 0.671561796515485, 0.677014431924146, 
0.671928604197916, 0.670304961853953, 0.673189505624794, 0.671502833109505, 
0.667142452398638, 0.666131171092056, 0.667267981421444, 0.669134710850371, 
0.660998022644256, 0.6713011947619, 0.672457318159287, 0.6594363147257, 
0.669218187125533, 0.668839829414805, 0.664070362572232, 0.666012668840754, 
0.669879030032301, 0.672508715806085, 0.661259616123366, 0.670265787625758, 
0.67338156372215, 0.677245367147317, 0.66425003817367, 0.663276434063742, 
0.663022945201155, 0.671018366889868, 0.666364946347144, 0.667482925333278, 
0.664125958574802, 0.662550944048757, 0.672298387656973, 0.666930604548682, 
0.673096549203784, 0.658987333631287, 0.668908933068254, 0.672687105620427, 
0.662645994622076, 0.66531880989438, 0.680943501360656, 0.668069689238298, 
0.671974341836404, 0.671791272320153, 0.669881989873626, 0.671640827726269, 
0.672955849201849, 0.679428485476505, 0.666636189658742, 0.665019354439769, 
0.671650018468374, 0.669380685669285, 0.66520616406281, 0.668188130221648, 
0.672021922134203, 0.662155070850055, 0.672932321124935, 0.669393810708015, 
0.663565291444371, 0.667693390474932, 0.672779750725688, 0.66824787060231, 
0.672568963372473, 0.674309470298675, 0.672032993273353, 0.67240623491838, 
0.671642105450349, 0.667953539548736, 0.672269962280857, 0.669173479204201, 
0.668901553699353, 0.670486851364729, 0.664539084473718, 0.665507458136782, 
0.666354570154954, 0.663882867781333, 0.662803351628071, 0.664674915764265, 
0.656242592128677, 0.663756137728889, 0.672134217268084, 0.667335131888066, 
0.661757446146454, 0.672797222050719, 0.666179615194657, 0.662220532873292, 
0.668894779475536, 0.669953970184765, 0.676114376257793, 0.664554804226708, 
0.674645496284736, 0.674728697682718, 0.672775285440889, 0.662361270435627, 
0.675107034484269, 0.666996209508439, 0.67014439039445, 0.662285311468779, 
0.669880506385886, 0.668494604742859, 0.671578502205832, 0.671656838566366, 
0.666737415063439, 0.681997799181072, 0.669498213673331, 0.671680462836473, 
0.671380721384562, 0.66692807320944, 0.666807732194637, 0.654031193834336, 
0.671889589329878, 0.664019926474629, 0.671415536273533, 0.676426644014599, 
0.667430429901205, 0.66845640994601, 0.671071425606623, 0.673544579501672, 
0.671175429959941, 0.669800227855156, 0.672185004887042, 0.665211546416943, 
0.65895036524032, 0.66208497985095, 0.668745268043251, 0.670545593058634, 
0.665008851608899, 0.671448722732508, 0.669153740270372, 0.664148794244128, 
0.666565991945218, 0.674516229539506, 0.676645642438598, 0.670008464766037, 
0.671988748292691, 0.669367459527054, 0.665358122285696, 0.667799964589658, 
0.671476970635625, 0.678292991341906, 0.674677179929715, 0.668351013794826, 
0.66842417223697, 0.672809236258984, 0.661742208862788, 0.668897646974744, 
0.669499613017188, 0.667967600931089, 0.671660332946857, 0.67574822437017, 
0.669437601794591, 0.662167647181331, 0.663177279996573, 0.671101882350498, 
0.665050006337615, 0.672273839948622, 0.667145179417354, 0.669411988660268, 
0.668572213850935, 0.670901966806781, 0.66672056329853, 0.670525125203057, 
0.671920379505244, 0.673615111690598, 0.669564357345911, 0.67233473532947, 
0.668447412963464, 0.672270033831423, 0.669040830576159, 0.674481196424572, 
0.670950532806552, 0.67543725618064, 0.666736347929878, 0.669984861380023, 
0.667430788616988, 0.666138306155479, 0.666879516270583, 0.673535131984101, 
0.667782273222123, 0.673778409462867, 0.669308203666853, 0.663006347966603, 
0.670725568407764, 0.663688681156221, 0.670629356798529, 0.678853881255747, 
0.662542004702213, 0.670406814854066, 0.673195980835948, 0.666856380156854, 
0.665976191643048, 0.666113828417119, 0.669572681561753, 0.675399879906702, 
0.669352184475453, 0.676277411076378, 0.66901861370821, 0.672138887752047, 
0.668564777982182, 0.666069712086425, 0.668634292115362, 0.668847295145218, 
0.670784309151344, 0.667117635735218, 0.667997743333007, 0.668283608702381, 
0.659568745985089, 0.67208643718641, 0.668369491697599, 0.672886807900481, 
