structure(list(sim = c(0.676074646394609, 0.685788963284728, 
0.672954433496122, 0.673749979773495, 0.674167930502063, 0.652896412699492, 
0.685773577236468, 0.67259257688546, 0.684378760091766, 0.668879334504817, 
0.681966598580076, 0.656315796869935, 0.665176685270012, 0.66685017121774, 
0.684327753923905, 0.666225380590367, 0.671656783387568, 0.677772884003182, 
0.682623858744664, 0.662033744309204, 0.674675497593831, 0.678908826241702, 
0.674277987342416, 0.676253027480108, 0.685920482673828, 0.647277711406143, 
0.674206467734749, 0.674274822399538, 0.673363889418487, 0.673924043673804, 
0.680110867548674, 0.670546191248015, 0.678876072993925, 0.669108558176569, 
0.662710194963878, 0.663823363114715, 0.674694367542262, 0.682399977109194, 
0.668857833375246, 0.656448485998402, 0.669299567295637, 0.679092142996777, 
0.688251685483202, 0.681117949865771, 0.67080401683298, 0.680986616297533, 
0.677920212200176, 0.668929960438219, 0.686341035737199, 0.677315891292592, 
0.674791129502102, 0.69052078676433, 0.679125056198098, 0.684326588707104, 
0.669222413443392, 0.670729693672825, 0.667459071897854, 0.681930666043267, 
0.668666566692752, 0.673662370899431, 0.680927990248063, 0.685945577002227, 
0.675696003057796, 0.65394410139383, 0.677081357201215, 0.671067256508308, 
0.675115736105906, 0.674394883533042, 0.673622527920991, 0.673578413593937, 
0.672175040345007, 0.665980383127732, 0.659639820945764, 0.674647314234254, 
0.663533247383551, 0.673976179754649, 0.695292624656291, 0.67393122826629, 
0.674825821017284, 0.663862211203208, 0.676550268283162, 0.684045327198863, 
0.690062880140468, 0.6649855392227, 0.672678126145922, 0.667035462127087, 
0.663565993564903, 0.657987832051267, 0.669694656509861, 0.680058525002863, 
0.673626073043377, 0.681362853267342, 0.680595912826275, 0.675024755941909, 
0.655281814310949, 0.676397624436976, 0.679542794331508, 0.670468903514038, 
0.656357228808684, 0.677220806454388, 0.647068706947586, 0.663074183148863, 
0.670782404720023, 0.670066870554616, 0.683736244467884, 0.676753562158792, 
0.657396844436062, 0.67004223634898, 0.677608875474743, 0.675029175728201, 
0.685352478164142, 0.682772754910773, 0.661872091599386, 0.677495891029193, 
0.661288556878309, 0.697414686836045, 0.665238148518682, 0.67245624441464, 
0.659825749346024, 0.66484165070975, 0.66916292583447, 0.678133040718231, 
0.67319787632973, 0.668152785685465, 0.672367553635249, 0.667624383828743, 
0.681365886975146, 0.65644221348678, 0.686712081718305, 0.681370263801253, 
0.686390949523739, 0.683544553111227, 0.678956359507624, 0.664163618494448, 
0.681042075126924, 0.685822295891006, 0.681575849209023, 0.659627622810888, 
0.677045089081397, 0.652566062216884, 0.664683093765909, 0.661260864876545, 
0.67242878186141, 0.68786132835566, 0.666319162967442, 0.660884808185527, 
0.678236893324321, 0.675371289892466, 0.674999104521662, 0.670988823272924, 
0.652500371204464, 0.673301670480754, 0.662534041982788, 0.682625196945786, 
0.683717050842393, 0.679926740792235, 0.664067143946942, 0.671527052217168, 
0.664102721109883, 0.669973670221648, 0.669881291082272, 0.679272897192447, 
0.675142195120455, 0.667125080114134, 0.676694831566742, 0.67509252568891, 
0.682283290465643, 0.682978692686936, 0.675966819229695, 0.672959033616203, 
0.673817321757655, 0.687344259490538, 0.665510308412796, 0.68858235805789, 
0.674974050947489, 0.67732697866979, 0.670937589072656, 0.665421681817656, 
0.665908889237234, 0.669995560390905, 0.670636111379522, 0.67082236236339, 
0.676100467036843, 0.67122477041966, 0.68065975440451, 0.673396784988899, 
0.672148447931459, 0.662063813545982, 0.689467829214709, 0.661485182846161, 
0.675600348292953, 0.673704547633249, 0.681621551160258, 0.672427993989911, 
0.670139517282495, 0.682302804829684, 0.674370522662268, 0.672150998626739, 
0.669151756837678, 0.670814567008117, 0.670383429012784, 0.673959916752515, 
0.673014303037308, 0.674643167510928, 0.664787628361921, 0.668729560141965, 
0.662137692899621, 0.672594724500046, 0.674750121613617, 0.68191978859042, 
0.667988349691747, 0.662601447336298, 0.673903805751637, 0.671592755580546, 
0.669894408473295, 0.682341576276396, 0.668338122814658, 0.671932627215994, 
0.684326400204173, 0.683186571065884, 0.672790433106909, 0.672821688595367, 
0.681689652647605, 0.661599505878657, 0.673524099997814, 0.684588495377169, 
0.658032170737928, 0.679332088046539, 0.664757754442044, 0.672250446263624, 
0.673102031519893, 0.677490720454678, 0.685933575665285, 0.670725278048887, 
0.681721646242535, 0.660077882260058, 0.682744236453783, 0.683809664876825, 
0.680670758349125, 0.681369522208205, 0.675525630464271, 0.673672578282558, 
0.675708831394508, 0.678639601175594, 0.685191538136854, 0.675453961812054, 
0.671560860014985, 0.668392197951625, 0.673439622872254, 0.685060112623858, 
0.682780155535347, 0.667356012024875, 0.658630401937878, 0.668552789071951, 
0.679354493933072, 0.662113399400733, 0.678825031591525, 0.675825016000209, 
0.680692514445123, 0.664766262170853, 0.667814573580144, 0.663139896769574, 
0.673884368727647, 0.674602486210785, 0.684224905740087, 0.678568079860216, 
0.673432158428672, 0.692972592401406, 0.670753329721738, 0.661249619300281, 
0.673357894882315, 0.672662427862807, 0.655172139812355, 0.682819831960992, 
0.666017861770333, 0.68618096293282, 0.682475964945301, 0.672663729817311, 
0.672427342722713, 0.672631619963924, 0.693238070492321, 0.671611519682491, 
0.67642383097496, 0.674112767752919, 0.677878409695799, 0.684176756042238, 
0.674999386764904, 0.686849826012501, 0.676320871604173, 0.665581637270123, 
0.669341233883856, 0.66256810704396, 0.68446346207092, 0.684568451681709, 
0.689893007857721, 0.675698947716265, 0.684751864801838, 0.670195274300854, 
0.670140857397607, 0.68806448140664, 0.675919837742765, 0.675653803627884, 
0.664745474671399, 0.673226889325789, 0.67475047997038, 0.672053318809094, 
0.677382281538737, 0.677718114338417, 0.683457897682732, 0.665906251358061, 
0.6556383852977, 0.677580903906012, 0.673519644727822, 0.686534557995522, 
0.684589505384011, 0.681035403107418, 0.681671301882702, 0.672041453922993, 
0.658109506795551, 0.665716802554654, 0.689614317289727, 0.668464601471153, 
0.677864666457533, 0.67130046180762, 0.66053946446895, 0.677505682530026, 
0.682531450425362, 0.6694982642037, 0.669753816542132, 0.659919417427223, 
0.683306371727569, 0.681241497185571, 0.670913788176333, 0.672980575507665, 
0.682338807617571, 0.681725164206209, 0.682381806434801, 0.679369461852016, 
0.679431019550682, 0.668935062232638, 0.680066972531253, 0.661022027680066, 
0.673724930804064, 0.684268649804262, 0.680703088900865, 0.68474617611162, 
0.687636976181746, 0.685745390334613, 0.684418284566125, 0.676957378419524, 
0.673173133546019, 0.677258794281116, 0.654277808670109, 0.678215804758546, 
0.665153772540326, 0.661959027955943, 0.675571961945048, 0.676189053164543, 
0.679812790131528, 0.677650982118449, 0.662483441086682, 0.674984252549293, 
0.67660165516396, 0.671308977435893, 0.669673909810916, 0.654682828586146, 
0.675526293659736, 0.657474494169514, 0.682513221123452, 0.677660824730007, 
0.676452197582975, 0.6767493664104, 0.678818765952947, 0.68495028419613, 
0.681680058079238, 0.66717310276338, 0.669666791219212, 0.682901571795228, 
0.671222668670601, 0.675375894102998, 0.675221876861565, 0.66057988191018, 
0.66417081159033, 0.66722189568889, 0.657550653472436, 0.679186710063201, 
0.668910982973182, 0.679241010798589, 0.665068400160928, 0.68064569212339, 
0.687022965713614, 0.671141260296013, 0.685734845415854, 0.666260983425426, 
0.674886336857973, 0.687352244342126, 0.669729204659373, 0.663340418306206, 
0.688734111127536, 0.670320905140039, 0.675370970816629, 0.675165068996538, 
0.674809330838343, 0.661907118778708, 0.665930534760158, 0.6674210217362, 
0.674715383164874, 0.682902316632623, 0.673515841883497, 0.668194233055628, 
0.684731781566297, 0.677905556927482, 0.674045544836547, 0.678931219383681, 
