structure(list(sim = c(0.663573320242285, 0.66655811856909, 0.663777471862207, 
0.660823736769872, 0.672249787618167, 0.674297375531729, 0.670517687964589, 
0.669479700297941, 0.671718250797748, 0.664643617362495, 0.66361126400095, 
0.672339942540905, 0.668824126294226, 0.669511731414502, 0.670374250794117, 
0.669956926646999, 0.67671459744641, 0.672596255431448, 0.673592848709494, 
0.659885255053169, 0.668449048107408, 0.667212173706293, 0.670156896962842, 
0.670505611687663, 0.673650096986038, 0.675354758569717, 0.669433581766022, 
0.665719347341883, 0.668833474904706, 0.671116442810137, 0.655027949302007, 
0.6654990381111, 0.666280056662702, 0.670473165776022, 0.670575776880269, 
0.669296106938062, 0.677945277799009, 0.668508678316462, 0.675847337426369, 
0.66442851221052, 0.669517694655328, 0.674522030682525, 0.666790542131323, 
0.668027318747974, 0.669846775570472, 0.665717668048108, 0.677063079693536, 
0.679353779292183, 0.671865329357929, 0.661515455779288, 0.675321349950829, 
0.666352672744069, 0.672995087618347, 0.672127293863891, 0.67022794521044, 
0.673241594154691, 0.676120513680364, 0.66756629530891, 0.6736810249621, 
0.673791435056095, 0.669726494966283, 0.669125842245296, 0.660615927626417, 
0.670541530912733, 0.670591771749168, 0.664992245906928, 0.669783927527111, 
0.667077094452806, 0.668171251721538, 0.667198057651374, 0.667841090803695, 
0.669031529594726, 0.673121789105248, 0.665880874831279, 0.673280913039019, 
0.669136068016289, 0.673677261481673, 0.668296508796541, 0.663843126298804, 
0.671442235065177, 0.66733079663712, 0.66861527326546, 0.669248464474575, 
0.670810375531538, 0.669310559922268, 0.672050512852698, 0.670991828247874, 
0.664298061847444, 0.665680916453083, 0.66361209675082, 0.667417474727315, 
0.67048754351638, 0.674381520366303, 0.666428653405369, 0.669696344036294, 
0.666007981459949, 0.668349585369659, 0.667530941574115, 0.655431629629481, 
0.66888244900517, 0.673606669560453, 0.662440968198792, 0.662095413980978, 
0.665479858567133, 0.665608204587004, 0.668569452173223, 0.671378724109291, 
0.675570669239268, 0.670549535461094, 0.66633261393669, 0.661114867549921, 
0.671566946486435, 0.669677961841045, 0.66961283011795, 0.669288158247114, 
0.673179536764555, 0.672438882116006, 0.670430233590686, 0.669095801555449, 
0.665552923857594, 0.670811704258191, 0.671072223955825, 0.675291073954031, 
0.669892849168969, 0.667994478255285, 0.673018801928378, 0.674765601074062, 
0.669922398383207, 0.670040162641357, 0.667100444056001, 0.666524165662143, 
0.670157534196834, 0.671552714546736, 0.672224346074307, 0.672772551034348, 
0.67299371117838, 0.669903566565386, 0.675236066196498, 0.668123266609578, 
0.665569325915664, 0.670870262727336, 0.670910195318961, 0.655825024407681, 
0.670430381838825, 0.672722879398359, 0.668614818802913, 0.672578058199936, 
0.678080977460482, 0.670047649652759, 0.664821151318297, 0.670404868238601, 
0.671847854400879, 0.673332752102058, 0.663929762586917, 0.659832633214544, 
0.667510324155174, 0.673470323758938, 0.666357551358011, 0.670887592234044, 
0.664840154829079, 0.673211131266953, 0.662144285275103, 0.671661067527067, 
0.668451016339632, 0.663589744176961, 0.664123477034769, 0.667930953136289, 
0.670603889710865, 0.665497140778199, 0.672942324203462, 0.671519189888867, 
0.672910114069202, 0.675910337341847, 0.664792010311232, 0.670161160533455, 
0.668278705639141, 0.675058268986655, 0.671227351045505, 0.668369674708404, 
0.669785442983841, 0.667591633263586, 0.672288146545736, 0.666653757283075, 
0.671732794817307, 0.674436208580421, 0.662775325698527, 0.671353438596904, 
0.671611940034514, 0.666270212501012, 0.669018883851094, 0.663039156860904, 
0.668349165292234, 0.661830939152089, 0.670670760870146, 0.670785804874035, 
0.671209292419673, 0.670750973952746, 0.6712358763608, 0.669943191183125, 
0.66292212657583, 0.671521339606152, 0.668274232396923, 0.670780459232359, 
0.674496011895804, 0.673076835152553, 0.677270702829833, 0.665910919908985, 
0.663549149195084, 0.669573505358159, 0.668878157507426, 0.666329197809912, 
0.669895602564259, 0.666497532312711, 0.668506484679202, 0.674231264051042, 
0.665084102464908, 0.669339282127339, 0.661574591045728, 0.668506798168696, 
0.676672050130623, 0.673430767360564, 0.673170329714238, 0.667409646052227, 
0.678978767132036, 0.668615209292856, 0.66780646881985, 0.669614132170754, 
0.6696411998281, 0.67239872279347, 0.678777578696269, 0.675150516193339, 
0.669393265347945, 0.672999483079498, 0.674727282821904, 0.672116593908597, 
0.669123874062344, 0.667337012381228, 0.671915027186448, 0.670433500267511, 
0.668964227851257, 0.671650405847834, 0.665093272933886, 0.676253038843418, 
0.672293054526656, 0.673987252680713, 0.668904713097943, 0.671678757069262, 
0.671067007370574, 0.657136087232437, 0.667041439164924, 0.663516948285267, 
0.672706188772448, 0.663234138495783, 0.666971253614954, 0.667502272448386, 
0.663618486143004, 0.663047628711579, 0.673753129040833, 0.677143737762342, 
0.673759996370225, 0.671847715861239, 0.665615753038574, 0.672620237700696, 
0.671934524277023, 0.668510174998199, 0.675729221377669, 0.675105534575512, 
0.672526641445199, 0.662353172628268, 0.665483693103727, 0.669614811517598, 
0.663084551723796, 0.664814223437376, 0.667554384238765, 0.663435982158537, 
0.673135261521714, 0.663656129706292, 0.66922074658071, 0.667566928979524, 
0.675766039338049, 0.660579036752021, 0.66873232452142, 0.669393260982446, 
0.66590459362574, 0.668317798643272, 0.665834200510773, 0.672345796093242, 
0.669794090179414, 0.669629488709525, 0.674554501338544, 0.664103007626623, 
0.671216182568245, 0.670933379264582, 0.670607274122866, 0.66459053644775, 
0.671406863807713, 0.672104570079744, 0.673317609346585, 0.673928062875654, 
0.673037128508841, 0.671399423595522, 0.673675460436565, 0.671582104027329, 
0.675576197076743, 0.669149968429328, 0.67462200193634, 0.667344228649763, 
0.670950662338415, 0.666110552604904, 0.667334282554566, 0.67483369036902, 
0.668177857905996, 0.675207913529479, 0.666579250693503, 0.670887759892578, 
0.67186446351494, 0.668511695272968, 0.664396123231643, 0.663747076739726, 
0.674004141497421, 0.664509200994468, 0.668746633640667, 0.672668715073939, 
0.671092835403113, 0.666897456492267, 0.670098334605709, 0.670080625717905, 
0.67410737630403, 0.671564875563849, 0.672624359612743, 0.67333314276223, 
0.669047843943128, 0.661314098642343, 0.673665968550945, 0.679738443749295, 
0.660314585375462, 0.663650132963731, 0.667290157334162, 0.667792396229746, 
0.665190926186674, 0.673911917071702, 0.673657303612952, 0.667269327839934, 
0.664531856773173, 0.670586926931744, 0.665411542261843, 0.67845399536102, 
0.668367775700854, 0.667080982259729, 0.671219102994922, 0.664800394539885, 
0.670806197783254, 0.669198832663232, 0.670114175404809, 0.672377769007711, 
0.665618789756187, 0.664291178369427, 0.663811809744012, 0.669331382280293, 
0.671905849964853, 0.667314814749602, 0.673776729921231, 0.672420811043471, 
0.66661979468521, 0.669746952918935, 0.677759397052855, 0.674196729400012, 
0.672343701006877, 0.667955469022941, 0.673824197208239, 0.672548733815369, 
0.660442894911201, 0.667732341978369, 0.669375774361503, 0.670454342330021, 
0.666699876635299, 0.664763849295986, 0.667308308847815, 0.670049553529133, 
0.665393283648898, 0.671221244763015, 0.671830624960117, 0.67539596000114, 
0.673441277877856, 0.668293529212458, 0.671568509103378, 0.670830582534541, 
0.670007058635346, 0.670032393526528, 0.671423653163325, 0.669009207906318, 
0.665915534947911, 0.670568011464323, 0.667291565653651, 0.665957141503286, 
0.665522233609179, 0.664902635147421, 0.665708414179659, 0.667273933267076, 
0.665995097120989, 0.673914292844742, 0.670341739354512, 0.66806384917429, 
0.671488906870618, 0.669496056995061, 0.6699278922397, 0.676596861171646, 
0.66849870713291, 0.670961479655835, 0.66695011017329, 0.67456669965918, 
0.67277196824855, 0.657911290152694, 0.663783686424986, 0.672506778027968, 
