structure(list(sim = c(0.680442444002027, 0.676529541218505, 
0.683462097517992, 0.689077928254253, 0.682928536566252, 0.685886893410522, 
0.680578806043197, 0.688346962239848, 0.676326774209788, 0.675326733105462, 
0.690139748322735, 0.689221602024901, 0.688418345822807, 0.68463887064517, 
0.678778563748971, 0.683735830679691, 0.684491615400742, 0.674816935278897, 
0.674494390002686, 0.689539160684351, 0.681175408193644, 0.678146260093282, 
0.67792242014658, 0.686551067583491, 0.678138140389185, 0.689272546831344, 
0.685540352144264, 0.680006894951861, 0.683193826953338, 0.67520832975432, 
0.681783813137118, 0.690108690778332, 0.687374714371085, 0.691327672043156, 
0.682955340352288, 0.683496744150699, 0.686920911462668, 0.682146316188777, 
0.677437750478169, 0.685064720116557, 0.686473463738451, 0.682419690847761, 
0.681568165572737, 0.68108419745809, 0.688000115287142, 0.68654412830804, 
0.683745279662176, 0.687349262638014, 0.682636756233689, 0.683097675878478, 
0.679485590107259, 0.682208744722757, 0.682298577307235, 0.682019273326104, 
0.68154967857024, 0.679991744623296, 0.684297212397587, 0.679709733603401, 
0.683631192994811, 0.67926497639043, 0.680220214789577, 0.690290887975977, 
0.688520715217037, 0.680475112688855, 0.667538758129536, 0.685405586755794, 
0.689560106965157, 0.680354326033085, 0.687962878235926, 0.684548610507003, 
0.681606649360774, 0.690340546394916, 0.686203652270027, 0.684013606786353, 
0.685051233461907, 0.678197642909118, 0.688354039524287, 0.691113654533889, 
0.679258556870168, 0.678994547992567, 0.687743748286564, 0.688057305470765, 
0.689323186417842, 0.689332377997672, 0.677625785785731, 0.684123036193308, 
0.684568510134496, 0.685231236089932, 0.68884116512202, 0.688663779162017, 
0.681591738375523, 0.690176338932985, 0.684886568965723, 0.683024695650562, 
0.685518893210988, 0.686302927574254, 0.686829244957955, 0.671921764044762, 
0.677987277908224, 0.68644288988487, 0.690144313205135, 0.683461412375834, 
0.684603309454831, 0.680605270952364, 0.690097849906454, 0.688065985858712, 
0.689177053954891, 0.685103992116696, 0.684660085551565, 0.685036576469851, 
0.684845718789946, 0.687907868117186, 0.690169573434689, 0.682840370579822, 
0.686588693913033, 0.686922151111911, 0.680670808162063, 0.67650981318443, 
0.679590958275768, 0.687349142842574, 0.69158526174768, 0.682178391900323, 
0.68984518497973, 0.692239648469477, 0.686513676550269, 0.684741321944727, 
0.672094749334891, 0.677175826057042, 0.686530511902572, 0.68678830406763, 
0.683980569502022, 0.683781549161048, 0.680318194683508, 0.678867061084427, 
0.682550415737897, 0.678470790158588, 0.691818886260796, 0.69307401570858, 
0.689555723494454, 0.675619970150384, 0.682100147967826, 0.682811291125213, 
0.689283765901634, 0.683989234165424, 0.681979580596204, 0.687976798109408, 
0.683383654102843, 0.688151034230665, 0.681192113287258, 0.686014580999436, 
0.681608331546073, 0.684943402222956, 0.677929487725374, 0.679175249556851, 
0.678339064739684, 0.688422882799341, 0.682845105594651, 0.669137744741525, 
0.680002395048841, 0.67995857443737, 0.679673312637649, 0.680402373812028, 
0.679810709063936, 0.690269235013011, 0.688019067328325, 0.686097817474539, 
0.683876702635978, 0.68992725780166, 0.672407112488871, 0.688796410524466, 
0.682891094866371, 0.675925090162587, 0.684835957517166, 0.692210010981966, 
0.674907453956839, 0.678284226042718, 0.678064773998707, 0.681289964134118, 
0.683314585084188, 0.681809149027413, 0.680701455610124, 0.68484324641627, 
0.67439754817899, 0.684793859773353, 0.676663699639488, 0.681582962854129, 
0.674398719283562, 0.684361748123963, 0.681889414786086, 0.684784769582126, 
0.681518578030007, 0.679004474718817, 0.685348274181891, 0.68576897879369, 
0.689812926531903, 0.686685888559228, 0.680308063749625, 0.676965514670579, 
0.684199624605514, 0.674885146917589, 0.681094701347371, 0.673370674322745, 
0.681594649625646, 0.679978973280526, 0.673067807319632, 0.687379756928803, 
0.677766696875545, 0.688754948049553, 0.682369040346003, 0.687394733898158, 
0.682029976199991, 0.688419317224406, 0.681940748184985, 0.688335928301031, 
0.686864022031346, 0.687564563236369, 0.682867060957239, 0.68441829498044, 
0.681526397820979, 0.68840557086529, 0.684129404462901, 0.679939261235395, 
0.681157384561771, 0.685579252933704, 0.683623821585395, 0.686624132395241, 
0.679787345639078, 0.684423769723784, 0.685365286837204, 0.683079416788251, 
0.678894283340458, 0.677782548354391, 0.68017215357667, 0.683412101207395, 
0.688470613760215, 0.682312872440202, 0.683567986733829, 0.678879997897825, 
0.686993680533856, 0.68055607299441, 0.686993445662874, 0.691180484509157, 
0.676558044948088, 0.684004413439361, 0.682266090757061, 0.686865835396089, 
0.682455698889562, 0.684772808223923, 0.690389021806506, 0.676669715780167, 
0.684892628771952, 0.686598967656301, 0.681796658391873, 0.684948784820818, 
0.688685742441655, 0.681889607510207, 0.68780414464363, 0.678461646969692, 
0.678446089046999, 0.686199835563348, 0.69286634267211, 0.683822597064878, 
0.688250263614841, 0.671881412311394, 0.681339035560284, 0.682951134838898, 
0.682713975326418, 0.687587467291554, 0.689225317215011, 0.682535618183499, 
0.683265489354099, 0.681509665871789, 0.682256490172716, 0.681523026416076, 
0.677446289419017, 0.678084266843015, 0.679860598679614, 0.681733660245648, 
0.68188190705259, 0.685058401893463, 0.683007028975492, 0.68348043263259, 
0.684708206200349, 0.674693261117286, 0.683561325506762, 0.680457767073928, 
0.677854873369273, 0.684417424053577, 0.684050022327566, 0.685729176899846, 
0.689111467736453, 0.682065411201113, 0.685752453242938, 0.685168601226468, 
0.686665777174168, 0.687047809936419, 0.686003835175551, 0.68292812056588, 
0.68565231026834, 0.685146745604044, 0.682865139224582, 0.681068893062106, 
0.684814232575205, 0.687360720784389, 0.688032868198928, 0.687017824204346, 
0.676931303148617, 0.67925514452832, 0.684578833761522, 0.679659733088935, 
0.679713053108951, 0.682522401391487, 0.676317144848668, 0.678008848034967, 
0.685132804460867, 0.683103060210608, 0.686323234936314, 0.679467811854761, 
0.685863777104213, 0.685401600223608, 0.686359713101948, 0.689075042759876, 
0.672335457964369, 0.683933293400866, 0.678999156967789, 0.686183924183445, 
0.686983700507531, 0.687262926863136, 0.687316027691634, 0.682900827782454, 
0.683260851150983, 0.680604448206566, 0.688594687389343, 0.678614924607711, 
0.680580214695581, 0.690821664066428, 0.684769511238818, 0.679176491180716, 
0.681319952881919, 0.686531454164277, 0.688308630445727, 0.678837561979716, 
0.683618218432366, 0.678375392797994, 0.68866041143258, 0.682401252086924, 
0.679422343242408, 0.679580648624674, 0.683281405287665, 0.677157500979968, 
0.687969801033923, 0.685012864630708, 0.679905237385177, 0.676673115660248, 
0.681950009810468, 0.684795616110591, 0.686972191895289, 0.679848378763034, 
0.677700504539442, 0.680469698681478, 0.689923150352622, 0.678035410374449, 
0.684978617659094, 0.684322980705653, 0.686188035692118, 0.686273458373435, 
0.686837627989238, 0.683516975089136, 0.684113322600095, 0.686139447820789, 
0.682816123985953, 0.689267265752201, 0.686454607729274, 0.685138055017703, 
0.687663633538402, 0.686853598188606, 0.68737457870031, 0.685978945428331, 
0.684359313809955, 0.684677298001878, 0.687970247870539, 0.675231489167027, 
0.683558001243717, 0.688066643764559, 0.680125706980764, 0.685857372074331, 
0.682545487442096, 0.68718499316307, 0.677029511818015, 0.673389210444505, 
0.682562053996782, 0.682441245949583, 0.681716104247284, 0.686407876238374, 
0.68446326486335, 0.685135981908612, 0.687715167590968, 0.687485496678062, 
0.6868609076321, 0.690604327932247, 0.684555818150104, 0.686869787702948, 
0.683934167440042, 0.689439334651026, 0.683733877145616, 0.673792300164315, 
0.680495428034817, 0.687823128593659, 0.681657066226404, 0.68139603213184, 
0.677989089401244, 0.68520634649813, 0.685449808838846, 0.682387018416371, 
