structure(list(sim = c(0.633619873966259, 0.639435636634736, 
0.654152034552141, 0.645742362173389, 0.648713057504745, 0.639999455325567, 
0.647967505895915, 0.631065566671155, 0.637592534130059, 0.638558319794751, 
0.643337014159906, 0.625000096391411, 0.646629449642868, 0.631998984754549, 
0.659998894671113, 0.641003523401353, 0.658001881405487, 0.646824966076315, 
0.64398272565561, 0.636415193085809, 0.665379708865911, 0.621641072014311, 
0.651155534003344, 0.641579329081032, 0.626597481794204, 0.642512625005843, 
0.655439311045112, 0.631063012666051, 0.625117964028425, 0.629959946425822, 
0.644766829505824, 0.641860824737436, 0.637417951820958, 0.636906844223814, 
0.654742551638323, 0.651247053390172, 0.640963334860532, 0.653118204227957, 
0.652168076503326, 0.639991728550022, 0.638478007419687, 0.629394667607622, 
0.639415049794413, 0.629286606439041, 0.642284536747801, 0.641358177326316, 
0.645936518116418, 0.628259010047759, 0.632513155455637, 0.630692283171016, 
0.650420892261983, 0.640084886325581, 0.632689984887298, 0.658862779822553, 
0.639506050438667, 0.633806249640694, 0.62901532649855, 0.637034723071904, 
0.646438485018143, 0.652027723448438, 0.632153125252395, 0.648834548331458, 
0.657312872848417, 0.63706572560857, 0.639370555748205, 0.634913522320911, 
0.647113903685828, 0.646133075769887, 0.643450733050724, 0.638414260662367, 
0.640780341921055, 0.633946005277646, 0.648621459121811, 0.635685850417208, 
0.641919518407514, 0.630237881378441, 0.632399932620925, 0.638206764223006, 
0.654244291571908, 0.631020653311825, 0.642507860332439, 0.626225965391623, 
0.62985258262289, 0.650439411279291, 0.652417616975582, 0.643998345947068, 
0.652973496824832, 0.631639280994031, 0.643813691183082, 0.640582505034827, 
0.646283610888669, 0.638359186511571, 0.648386002707317, 0.653061857076922, 
0.636248631593235, 0.619265417535224, 0.649490171470336, 0.647501122574989, 
0.657329720248881, 0.63734597728327, 0.646442036028212, 0.64438961153517, 
0.649012977912089, 0.645173395786916, 0.634486681172489, 0.643746232632724, 
0.641941954439903, 0.641974958957712, 0.63586186336089, 0.652769206675285, 
0.645304967592881, 0.649967733413811, 0.650999765247816, 0.641168016593254, 
0.649432567378974, 0.630090057636921, 0.646567691909263, 0.619424219555855, 
0.64767085831247, 0.656170958590243, 0.62360093718684, 0.653703860809932, 
0.615792135896222, 0.636880161993465, 0.645702373094127, 0.630494411440797, 
0.643856927235744, 0.647495050469672, 0.643566934835333, 0.636852892936457, 
0.645060722514108, 0.637616028971148, 0.639101297113605, 0.640804805629944, 
0.642574470617559, 0.644419865057553, 0.647839828917212, 0.641454001153505, 
0.634054918607192, 0.633914834692638, 0.652224269264453, 0.63364277568865, 
0.642358780101828, 0.634380128244737, 0.654187155799055, 0.632129295101533, 
0.663755238592415, 0.649801910682877, 0.63455380859187, 0.652883700919667, 
0.652698429728004, 0.655313967509776, 0.64899570470419, 0.638830838375334, 
0.632605938220954, 0.633417174072439, 0.621988534983955, 0.641090662696336, 
0.635626765281013, 0.640068188721863, 0.636990858401874, 0.645579624084179, 
0.644479593394682, 0.629623211314674, 0.652613860436125, 0.617881944536639, 
0.655499902656536, 0.639782400789574, 0.644667295225054, 0.639070529728136, 
0.635637446530949, 0.645270650282834, 0.64625919161004, 0.620348659428851, 
0.651956280467196, 0.624214771436208, 0.617626753176057, 0.642603150142898, 
0.636357161409398, 0.651356905988031, 0.641013944946351, 0.636593692440646, 
0.643570421844657, 0.63779777690828, 0.649423220918987, 0.637131387653772, 
0.634849945314109, 0.654114451481368, 0.647787447470102, 0.634094284476844, 
0.643268930020001, 0.629128606579028, 0.625123129938521, 0.659541362106346, 
0.634523062944548, 0.641657941636939, 0.639929504358309, 0.62882065528844, 
0.637656707521675, 0.637489032488154, 0.645358600538433, 0.630192208401774, 
0.635402752180985, 0.63243074704879, 0.640263137754458, 0.635498126056729, 
0.63371965855826, 0.639251284621798, 0.646054569740848, 0.64148338815306, 
0.644784425345059, 0.612402317784626, 0.632797943880043, 0.640529299607082, 
0.617172274788344, 0.647904471574813, 0.642598858286691, 0.633332170344534, 
0.64289118524482, 0.64261488678572, 0.640742884748364, 0.649199876768068, 
0.646834102803544, 0.64259325458213, 0.626164489361638, 0.653424156069634, 
0.646101415771561, 0.64246029750796, 0.612068385827358, 0.627202754826743, 
0.647063324439166, 0.651489101113709, 0.647697103522969, 0.64537954085405, 
0.62647376755837, 0.656270788411857, 0.648614371443279, 0.639832880850656, 
0.631734027588719, 0.641487720124199, 0.642419873622598, 0.646517686466593, 
0.640135497628211, 0.649121063614004, 0.641514209949842, 0.641308582114492, 
0.632632003495145, 0.63371119014328, 0.639396328056509, 0.646512224888675, 
0.652031601066573, 0.659482982781905, 0.651919142297777, 0.631946453264479, 
0.632834625959161, 0.634379407262222, 0.634365071548669, 0.626276268794872, 
0.624218599861042, 0.639463297120624, 0.643472786568551, 0.64645478699519, 
0.642447500536814, 0.616735605660237, 0.638953951415985, 0.632675722996937, 
0.630729168534578, 0.66104347875883, 0.639221025737484, 0.628757764967011, 
0.636245160483786, 0.635066129934663, 0.640958041602714, 0.623523728089257, 
0.643210041710569, 0.639565145834368, 0.64244448921769, 0.631162467052816, 
0.636372051652698, 0.646516252614003, 0.654101443643757, 0.628591940629216, 
0.627164232816942, 0.637915983763591, 0.658198459650889, 0.648223739391648, 
0.647724111134757, 0.645620256436755, 0.645750665052541, 0.634460690882379, 
0.642456724713989, 0.641305807055182, 0.628343839913885, 0.642250736698209, 
0.649783457235368, 0.636698222817159, 0.650297577560271, 0.650364441500252, 
0.642476897324145, 0.649141159332659, 0.640238749795095, 0.640486249822066, 
0.639241432332571, 0.633604697158733, 0.63330213101604, 0.640232647927688, 
0.646474516726095, 0.632167358356328, 0.644113048859228, 0.650885190728418, 
0.644683355762199, 0.629013928681547, 0.649255547855657, 0.641280377366172, 
0.643422252556217, 0.635617096018369, 0.643389796724347, 0.6446630040283, 
0.65714484801778, 0.63318345287859, 0.64333417448367, 0.635931971697067, 
0.623545102000191, 0.65446319140398, 0.642253147867563, 0.639342356540653, 
0.641431167259288, 0.629981634856525, 0.646948616660187, 0.652743226405072, 
0.637626106802864, 0.622910397885232, 0.623139398453208, 0.65824336012886, 
0.629370678203805, 0.651453666589185, 0.648125335011185, 0.642507899921632, 
0.638334917937622, 0.633634445343429, 0.63594874474705, 0.644390205891325, 
0.635780398205769, 0.65627374473311, 0.64924696707619, 0.661961850596608, 
0.628232741306166, 0.654866044192242, 0.664863240398325, 0.658640261225726, 
0.646908441686762, 0.650447577359953, 0.633938320546421, 0.638742982553878, 
0.656153188001903, 0.640854138380503, 0.648742491762517, 0.639650893863777, 
0.623343176877323, 0.62526785735079, 0.633499514113204, 0.646931593342799, 
0.653579106391306, 0.634972187402607, 0.632631224622672, 0.633109086241939, 
0.633898121890058, 0.639838605862992, 0.644165604920516, 0.643100692451019, 
0.64629752157695, 0.652586887285966, 0.632305010052116, 0.641970260674211, 
0.638324664910617, 0.632292388473466, 0.641217129778667, 0.646119779808413, 
0.654625868607609, 0.631698342799104, 0.630370190462133, 0.642427423762712, 
0.640178135922374, 0.648656240215678, 0.64401228940078, 0.64446149669127, 
0.651158732355245, 0.642131456906756, 0.649426672395172, 0.65388721119814, 
0.647026516313031, 0.648557519568646, 0.656518344478297, 0.633822507698812, 
0.627677218273013, 0.646891037067741, 0.646022262872465, 0.637946195143126, 
0.649040448521304, 0.636884204935067, 0.640503404856405, 0.642398153958682, 
0.644614856435108, 0.638364551315137, 0.644159172252591, 0.647032218910257, 
0.657157000387743, 0.641442503349568, 0.656150980780461, 0.636513688925642, 
0.651445569660795, 0.634557224702618, 0.629095850907821, 0.642334283813229, 
