structure(list(sim = c(0.460836704364764, 0.463979032786908, 
0.464043325225487, 0.462605294882289, 0.458566996974979, 0.466612548947988, 
0.463206115010132, 0.463347230757459, 0.468679936125663, 0.464082439413026, 
0.466779080695119, 0.468636093711862, 0.465399473730422, 0.455963613449497, 
0.461204354605287, 0.464389616331887, 0.462270283058003, 0.459242275925828, 
0.462681026908768, 0.461606258039142, 0.468547484392796, 0.459424850718335, 
0.465113779741909, 0.459644523321132, 0.460607627177365, 0.464949328509224, 
0.463217883985497, 0.464102230033199, 0.459750896989819, 0.46136119595344, 
0.467900667615196, 0.468440891178729, 0.463448281049318, 0.463897255521404, 
0.463143280234322, 0.459179237205107, 0.461278626942014, 0.461964855373026, 
0.46500302535511, 0.456326997804904, 0.459447551201947, 0.461752988951557, 
0.462414578629669, 0.468589198583279, 0.460505599803204, 0.462415208283981, 
0.464169011273244, 0.464681747837765, 0.464065014809352, 0.460009583595828, 
0.459806024128365, 0.462373270461069, 0.463403548487074, 0.460509493592184, 
0.461125634345189, 0.462074802155232, 0.466288447389376, 0.463491496144856, 
0.464533517328953, 0.459177205551004, 0.459303990363777, 0.463224647362477, 
0.465929123679323, 0.462518241965775, 0.464051452566878, 0.46301426947538, 
0.460780471359721, 0.461695620960619, 0.463889628174555, 0.467522256941596, 
0.471468933717742, 0.465501236579215, 0.462301876057559, 0.463597066055842, 
0.465771110608433, 0.457250124024335, 0.458525490563208, 0.462005456136159, 
0.460597987864921, 0.45873146855208, 0.466113367037505, 0.464962458334986, 
0.463930663792571, 0.465863586485906, 0.465727116197482, 0.464768868658834, 
0.461522364666909, 0.467077746622604, 0.462212353306784, 0.463767251379876, 
0.468889427948806, 0.463946857711878, 0.459761953314523, 0.466435025025137, 
0.461967902881859, 0.464251376816904, 0.466677492774481, 0.463645191632647, 
0.467126309175148, 0.464106694275231, 0.46253395039621, 0.46391828660577, 
0.463901695413188, 0.468225049300665, 0.470537998835382, 0.463342469950832, 
0.460858208247767, 0.458443228238784, 0.461154377969761, 0.459498225498232, 
0.461556764876598, 0.462175123806614, 0.466795449434709, 0.464195819717865, 
0.460897670568185, 0.467888357377566, 0.462666498098411, 0.4588090543353, 
0.462237680992502, 0.464323370576672, 0.457211475078921, 0.463815032699318, 
0.462719199178932, 0.4593833192614, 0.459575596693235, 0.464131917406977, 
0.463869668107502, 0.460574579018857, 0.462794475598773, 0.466916387260989, 
0.460657634622025, 0.461823055168389, 0.462478948595515, 0.462711557882962, 
0.457611807613318, 0.465760581022884, 0.457377152641103, 0.465235653307007, 
0.467334027323403, 0.458187013341649, 0.463469815857171, 0.462322061285011, 
0.461743473498128, 0.459282150421956, 0.45980734005923, 0.467608686876028, 
0.463810258681971, 0.460659628819155, 0.467793161957725, 0.458810151901646, 
0.462065306402229, 0.459514389062006, 0.459012647416563, 0.460303020002142, 
0.460653469541032, 0.464777271178696, 0.454540718657228, 0.460367552376324, 
0.461790259601775, 0.459321628250988, 0.46300590421463, 0.466803577475648, 
0.463977954716456, 0.456253250819094, 0.461074017301745, 0.461048941237346, 
0.458573628051506, 0.458928038479825, 0.462697513284493, 0.459824906399335, 
0.464439142320918, 0.458875220506298, 0.463075038872984, 0.462918147371224, 
0.459290262750414, 0.466643981150175, 0.465809631275676, 0.466863934832876, 
0.46504862456636, 0.464619311483862, 0.46357063443198, 0.467328050228714, 
0.459853199101487, 0.457225696053891, 0.458910365415758, 0.463005867344684, 
0.462660411616346, 0.466099204998134, 0.461151312463442, 0.45818229644702, 
0.465358925948586, 0.458162037828839, 0.462726979335441, 0.460785325843694, 
0.466197870314266, 0.46677297375056, 0.469575064633674, 0.461704077136001, 
0.467576878387026, 0.459304863306865, 0.460762041234973, 0.467039124831747, 
0.469101807284485, 0.469053616992275, 0.463209806772214, 0.466700810810204, 
0.466092595032138, 0.460937726169265, 0.460632954004127, 0.457183689037556, 
0.464180399791212, 0.460207890518398, 0.465067088237393, 0.455985194596154, 
0.466510538351501, 0.455190679302606, 0.46217546846204, 0.460903403488718, 
0.464767871330411, 0.469165480824733, 0.463424401836327, 0.462087687469004, 
0.46114091394466, 0.461100650467951, 0.465397377857962, 0.457536106503166, 
0.466795261152199, 0.461449023032352, 0.467641766039312, 0.461000390361539, 
0.461651984470514, 0.463775764222181, 0.462371745026433, 0.464828136401056, 
0.461334643754373, 0.457403301689614, 0.459179272361462, 0.462340493829888, 
0.466128000979893, 0.467096155424198, 0.46285067285053, 0.463819242310617, 
0.466310504904423, 0.456053997440388, 0.461647662555162, 0.462491896831662, 
0.461284831385457, 0.459629134746547, 0.459605251456513, 0.462061257368739, 
0.461021379234434, 0.465276854836695, 0.462163378601948, 0.460084545053299, 
0.45925510023504, 0.460641992877019, 0.465460490347994, 0.464280023026759, 
0.466799333730183, 0.467468125563897, 0.462426173555292, 0.453796076056726, 
0.457870839028593, 0.472433797688591, 0.457036435963383, 0.465631582484335, 
0.464767975672986, 0.458669456709407, 0.463257680209993, 0.465455752911295, 
0.464437372975673, 0.463137991110748, 0.464012890806532, 0.462658808311896, 
0.466536053711028, 0.45624300674868, 0.46035135788223, 0.462002432424402, 
0.467877927285278, 0.45941453519887, 0.462859229116507, 0.460923295967085, 
0.464443858339475, 0.464935768442966, 0.457870538988391, 0.4686447762919, 
0.462122074306387, 0.465728873791775, 0.459324380015904, 0.460627463704938, 
0.463373425658282, 0.461711617787804, 0.465267043498834, 0.465525363623392, 
0.460098088142174, 0.46198699768333, 0.464504521814684, 0.460433586891957, 
0.462993163269646, 0.456270771914924, 0.463771052821864, 0.459307872468188, 
0.461192094900259, 0.462870167937633, 0.468024945091419, 0.463049060194416, 
0.462965283393506, 0.461626006276646, 0.462309566319645, 0.461522152210271, 
0.461796411320287, 0.457873586995172, 0.462584659568789, 0.465964672587024, 
0.465003058714054, 0.459774875857241, 0.4637597608262, 0.463272241378839, 
0.464479134015505, 0.461395440215318, 0.460185763224447, 0.462491064175977, 
0.460515505265216, 0.46789490840741, 0.458874787610191, 0.463958827781826, 
0.457078370148696, 0.457490619611456, 0.461329377216753, 0.463166263651794, 
0.465651987122646, 0.461213192988645, 0.458698633748397, 0.464797590121839, 
0.45871297527246, 0.468609827453555, 0.463033997243999, 0.466501169445784, 
0.460006227321078, 0.465560296337031, 0.460399998493895, 0.460895638995509, 
0.462172847411491, 0.461538674195829, 0.462061837286434, 0.461600349329815, 
0.464194631765451, 0.461767602453965, 0.459114546238835, 0.460417324106698, 
0.46046155230076, 0.4614749286691, 0.465448527468823, 0.459937843602747, 
0.465126273630342, 0.468519150639394, 0.46684786368331, 0.464382851286504, 
0.463550262192673, 0.463284700741908, 0.457817926162643, 0.463520889162141, 
0.462434131487734, 0.461966856621053, 0.467310063044699, 0.459561630136868, 
0.46360478397038, 0.460185271260445, 0.466506111908666, 0.45996716698535, 
0.470353759998437, 0.464781026097997, 0.455535347465273, 0.464680203631672, 
0.461156769243614, 0.463389220314983, 0.459181339660731, 0.46179215369621, 
0.462290138414491, 0.464780265807587, 0.466445587578592, 0.463908799644851, 
0.463306733649433, 0.465679205230077, 0.463969729636673, 0.461390176506944, 
0.461464765088632, 0.466099249101336, 0.463894428015974, 0.461067636546766, 
0.463486481360227, 0.461717153521004, 0.460390288225661, 0.461891791889921, 
0.463325042688554, 0.458590441449465, 0.455977528885206, 0.465814337796443, 
0.464925660718793, 0.454165134695607, 0.466035520231036, 0.458767160282424, 
0.46188013809688, 0.457569470719805, 0.457899021090393, 0.463455908983769, 
0.462938210509199, 0.462717880160106, 0.462647870747456, 0.46886638075437, 
0.469398993046571, 0.467322292278624, 0.470539000675723, 0.471410677784851, 
