structure(c(0, 0, 0, 2.14912280701754, 20.9971408148677, 0, 0, 
0, 0, 0, 0, 0, 0, 2.44446463912113, 0, 0, 0, 0, 0, 0, 0, 6.25269590222861, 
19.2885506287227, 0, 0, 1.84297912713472, 0, 0, 0, 0, 0, 0, 0.138825324180015, 
0, 0, 0.0646178092986604, 0, 0, 0, 0, 0, 0, 0, 0, 0, 0.128060263653484, 
0, 0.0326678765880219, 0, 0, 0, 0.214427531436135, 0, 0, 0.0303605313092979, 
0, 0, 0, 0, 0, 0, 0, 0, 0, 0, 0, 0, 0, 0, 0, 0, 0, 0, 0, 0, 0, 
0, 0, 0, 0.0323508267433496, 0, 0, 0, 0, 0, 0, 0, 2.14912280701754, 
0.138825324180015, 0, 0, 0, 0, 0, 0, 0.178358043815003, 0, 0.240549828178694, 
0, 0, 0, 0.379989356040446, 0.0422207197055068, 0.109227871939736, 
0, 0, 0, 0, 0, 0.504301786896097, 0, 0, 0.0104364326375711, 0, 
0, 0, 20.9971408148677, 0, 0, 0, 0, 0, 0, 0, 0, 0, 0, 0, 0, 0, 
0, 0, 0.0772128060263652, 0, 0, 0, 0, 0, 0, 0, 0, 0, 0, 0, 0, 
0, 0, 0, 0, 0, 0, 0, 0, 0, 0, 0, 0.312460864120226, 0, 0, 0, 
0, -0.0169491525423729, 0, 0, 0, 0, 0, 0, 0, 0.215859030837004, 
0, 0, 0, 0, 0, 0.0646178092986604, 0, 0, 0, 0, 0, 0, 0.717857933171056, 
0.353909465020576, 0.975945017182126, 0, 0, 0, 0, 0, 0, 0, 0, 
0, 0, 0.455787203450755, 0, 0, 0, 0, 0, 0, 0.32365657813465, 
0, 0, 0, 0, 0, 0, 0, 0, 0, 0, 0, 0, 0, 0, 0, 0, 0, 0, 0, 0, 0.00946372239747634, 
0, 0, 0, 0.0528634361233482, 0, 0, 0.0237694808835071, 0, 0, 
0, 0, 0.178358043815003, 0, 0, 0.717857933171056, 0, 0, 0, 1.06872852233677, 
0, 0, 0, 0, 0, 0, 0, 0, 0, 0, 0, 0, 0, 0, 0.0962998102466792, 
0, 0, 0.266213712168004, 0, 0, 0, 0, 0, 0, 0.353909465020576, 
0, 0, 0, 0.384879725085909, 0, 0, 0, 0, 0, 0, 0, 0, 0, 0, 0, 
0, 0, 0, 0, 0, 0, 0, 0, 0, 0, 0.240549828178694, 0, 0, 0.975945017182126, 
0, 1.06872852233677, 0.384879725085909, 0, 0, 0, 0, 0, 0, 0, 
0, 0, 0, 0, 0, 0, 0, 0, 0.0972485768500947, 0, 0, 0.174799258801729, 
0, 0, 0, 0, 0, 0.312460864120226, 0, 0, 0, 0, 0, 0, 0, 0, 0, 
0.068289384719405, 0.770244821092277, 0, 0, 0, 0, 0, 0, 0, 0.770925110132157, 
0, 0, 0, 0, 0, 0, 0, 0, 0, 0, 0, 0, 0, 0, 0, 0, 0, 0, 0, 0, 0.0903954802259887, 
0, 0, 0, 0, 0, 0, 0, 0.211453744493392, 0, 0, 0.00179392308554771, 
0.0197652872143298, 2.44446463912113, 0, 0, 0, 0, 0, 0, 0, 0, 
0, 0, 0, 0, 0, 0, 0, 1.39736346516007, 0, 0, 0, 0.186816814613748, 
0, 0, 0, 0, 0, 0, 0, 0, 0, 0, 0, 0.379989356040446, 0, 0, 0, 
0, 0, 0, 0, 0, 0, 0, 0, 0, 0, 0, 0.120689655172413, 0, 0, 0.128324946081956, 
0, 0, 0, 0, 0, 0.0886870725417646, 0, 0, 0, 0, 0.0422207197055068, 
0, 0, 0, 0, 0, 0, 0, 0.068289384719405, 0, 0, 0, 0, 0.246704331450094, 
0, 0, 0, 0, 0, 0, 0, 0, 0, 0.422649888971132, 0, 0, 0, 0.128060263653484, 
0, 0.109227871939736, 0.0772128060263652, -0.0169491525423729, 
0, 0, 0, 0, 0, 0.770244821092277, 0.0903954802259887, 1.39736346516007, 
0, 0.246704331450094, 0, 0, 0, 0, 0.0209999266378109, 0, 0, 0, 
0.233480176211453, 0, 0, 0, 0, 0, 0, 0, 0, 0, 0, 0, 0, 0, 0, 
0, 0, 0, 0, 0, 0, 0, 0, 0, 0, 0, 0, 0.0913302448709466, 0, 0.167400881057269, 
0.00379506641366222, 0, 0, 0, 0, 0.0326678765880219, 0, 0, 0, 
0, 0, 0, 0, 0, 0, 0, 0, 0, 0.120689655172413, 0, 0, 0, 0, 0, 
0, 0, 0.250165453342158, 0, 0, 0, 0.220577350111029, 0, 0, 0, 
0, 0, 0, 0, 0, 0, 0, 0, 0, 0, 0, 0, 0, 0, 0, 0, 0, 0, 0, 0, 0, 
0, 0, 0, 0, 0, 0, 0, 0, 0, 0, 0, 0, 0, 0, 0.00946372239747634, 
0, 0, 0, 0, 0, 0.186816814613748, 0, 0, 0.0209999266378109, 0, 
0, 0, 0, 0.933141624730409, 0, 0, 0, 0, 0, 0, 0, 6.25269590222861, 
0, 0.0323508267433496, 0, 0, 0, 0.455787203450755, 0, 0, 0, 0, 
0, 0, 0, 0.128324946081956, 0, 0, 0, 0, 0, 0.933141624730409, 
0, 0, 0, 0, 0, 0, 0, 0, 19.2885506287227, 0.214427531436135, 
0, 0.504301786896097, 0, 0, 0, 0, 0, 0, 0, 0, 0, 0, 0, 0, 0, 
0.0913302448709466, 0.250165453342158, 0, 0, 0, 0, 0, 0, 0.0336812144212523, 
0, 0.0519116492880366, 0, 0, 0, 0, 0, 0, 0, 0, 0, 0, 0, 0, 0, 
0, 0, 0, 0, 0, 0, 0, 0, 0, 0, 0, 0, 0, 0, 0, 0, 0, 0, 0, 0, 0, 
0, 0.215859030837004, 0, 0.0528634361233482, 0, 0, 0, 0.770925110132157, 
0.211453744493392, 0, 0, 0, 0.233480176211453, 0.167400881057269, 
0, 0, 0, 0, 0, 0, 0, 0, 0, 0, 0, 1.84297912713472, 0.0303605313092979, 
0, 0.0104364326375711, 0, 0, 0, 0, 0.0962998102466792, 0, 0.0972485768500947, 
0, 0, 0, 0, 0, 0, 0.00379506641366222, 0, 0, 0, 0, 0.0336812144212523, 
0, 0, 0, 0.598075499629905, 0, 0.311303273625694, 0, 0, 0, 0, 
0, 0, 0, 0, 0, 0, 0, 0, 0, 0, 0, 0.422649888971132, 0, 0, 0.220577350111029, 
0, 0, 0, 0, 0, 0, 0.598075499629905, 0, 0, 0.0203829524397776, 
0, 0, 0, 0, 0, 0, 0, 0.0237694808835071, 0, 0, 0, 0, 0.00179392308554771, 
0, 0.0886870725417646, 0, 0, 0, 0, 0, 0, 0, 0.0519116492880366, 
0, 0, 0, 0, 0, 0, 0, 0, 0, 0, 0, 0, 0.32365657813465, 0, 0.266213712168004, 
0, 0.174799258801729, 0, 0.0197652872143298, 0, 0, 0, 0, 0, 0, 
0, 0, 0, 0, 0, 0, 0.311303273625694, 0.0203829524397776, 0, 0
), .Dim = c(29L, 29L), .Dimnames = list(c("pb", "Anthocorid", 
"BEB", "Cercopid (brn)", "Cocc nymph (blk/orng)", "edge mnr ", 
"egg on a stick", "Fly (brn/rnd)", "Fly (gldn Dolicho)", "Globuli", 
"Lbb (many spt)", "Lf tier", "Lfhppr (brn)", "Lfhppr (fisheye)", 
"Lfhppr (grn)", "Melyrid (gry/blk)", "midge", "Muscid", "Myrm ant", 
"Paras ", "Phylla", "punkie", "red mite", "Syrphid (lttl/yllw)", 
"T-dip", "Thec. aff.", "Thrip (blk)", "Tip  mnr", "Tip roller"
), c("pb", "Anthocorid", "BEB", "Cercopid (brn)", "Cocc nymph (blk/orng)", 
"edge mnr ", "egg on a stick", "Fly (brn/rnd)", "Fly (gldn Dolicho)", 
"Globuli", "Lbb (many spt)", "Lf tier", "Lfhppr (brn)", "Lfhppr (fisheye)", 
"Lfhppr (grn)", "Melyrid (gry/blk)", "midge", "Muscid", "Myrm ant", 
"Paras ", "Phylla", "punkie", "red mite", "Syrphid (lttl/yllw)", 
"T-dip", "Thec. aff.", "Thrip (blk)", "Tip  mnr", "Tip roller"
)))
