structure(list(`996.1` = structure(c(0, 0, 0, 0, 0, 0, 0, 0, 
0, 0, 0, 0, 0, 0, 0, 0, 0, 0, 0, 0, 0.536585365853659, 0, 0, 
0, 0, 0, 0, 0, 0, 0, 0, 0, 0, 0, 0, 0, 0, 0, 0, 0, 0, 0, 0, 0, 
0, 0, 0, 0, 0, 0, 0, 0, 0, 0, 0, 0, 0, 0, 0, 0, 0, 0, 0, 0, 0, 
0, 0, 0, 0, 0, 0, 0.120689655172414, 0, 0, 0, 0, 0, 0, 0, 0, 
0, 0, 0, 0, 0, 0, 0, 0, 0, 0, 0, 0, 0, 0, 0, 0, 0, 0, 0, 0, 0.155172413793104, 
0, 0, 0, 0, 0, 0, 0.0609756097560976, 0, 0, 0, 0, 0, 0, 0, 0, 
0, 0, 0, 0, 0, 0, 0, 0, 0, 0, 0, 0, 0, 0, 0, -0.11864406779661, 
0, 0, 0, 0, 0.134146341463415, 0, 0, 0, 0, 0, 0, 0, 0, 0, 0, 
0, 0, 0, 0, 0, 0, 0, 0, 0, 0, 0, 0, 0, 0, 0, 0, 0, 0, -0.0731707317073171, 
0, 0, 0, 0, 0, 0, 0, 0, 0, 0, 0, 0, 0, 0, 0, 0, 0, 0, 0, 0, 0, 
0.0344827586206897, 0, 0, 0, 0, 0, 0, 0, 0, 0, 0, 0, 0, 0, 0, 
0, 0, 0, 0, 0, 0, 0, 0, 0, 0, 0, 0, 0, 0, 0.0172413793103448, 
0, 0, 0, 0, 0, 0, 0, 0, 0, 0, 0, 0, 0, 0, 0, 0, 0, 0, 0, 0, 0, 
0, 0, 0, 0, 0, 0, 0, 0, 0, 0, 0, 0, 0, 0, 0, 0, 0, 0, 0, 0, 0, 
0, 0, 0, 0, 0, 0, 0, 0, 0, 0, 0, 0, 0, 0, 0, 0, 0, 0, 0, 0, 0, 
0, 0, 0, 0, 0, 0, 0, 0, 0, 0, 0, 0, 0, 0, 0, 0, 0, 0, 0, 0, 0, 
0, 0, 0, 0, 0, 0, 0, 0, 0, 0, 0, 0, 0, 0, 0, 0, 0, 0, 0, 0, 0, 
0, 0, 0, 0, 0, 0, 0, 0, 0, 0, 0, 0, 0, 0, 0, 0, 0, 0, 0, 0, 0, 
0, 0, 0, 0, 0, 0, 0, 0, 0, 0, 0, 0, 0, 0, 0, 0, 0, 0, 0, 0, 0, 
0, 0, 0, 0, 0, 0, 0, 0, 0, 0, 0, 0, 0, 0, 0, 0.120689655172414, 
0.155172413793104, 0, 0, 0.0344827586206897, 0.0172413793103448, 
0, 0, 0, 0, 0, 0, 0, 0, 0, 0, 0, 0, 0.365853658536585, 0, 0, 
0, 0, 0, 0, 0, 0, 0, 0, 0, 0, 0, 0, 0, 0, 0, 0, 0, 0, 0, 0, 0, 
0.220338983050847, 0, 0, 0, 0, 0, 0, 0, 0, 0, 0, 0, 0, 0, 0, 
0, 0, 0, -0.11864406779661, 0, 0, 0, 0, 0, 0, 0, 0, 0, 0.220338983050847, 
0, 0, 0, 0, 0, 0, 0, 0, 0, 0, 0, 0, 0, 0, 0, 0, 0, 0, 0, 0, 0, 
0, 0, 0, 0, 0, 0, 0, 0, 0, 0, 0, 0, 0, -0.121951219512195, 0, 
0, 0, 0, 0, 0, 0, 0, 0, 0, 0, 0, 0, 0, 0, 0, 0, 0, 0, 0, 0, 0, 
0, 0, 0, 0, 0, 0, 0, 0, 0, 0, 0, 0, 0, 0, 0, 0, 0, 0, 0, 0, 0, 
0, 0, 0, 0, 0, 0, 0, 0, 0, 0, 0, 0, 0, 0, 0, 0, 0, 0, 0, 0, 0, 
0, 0, 0, 0, 0, 0, 0, 0, 0, 0, 0, 0, 0, 0, 0, 0, 0, 0, 0, 0, 0, 
0, 0, 0, 0, 0, 0, 0, 0, 0, 0, 0.536585365853659, 0, 0, 0.0609756097560976, 
0.134146341463415, -0.0731707317073171, 0, 0, 0, 0, 0, 0, 0, 
0.365853658536585, 0, 0, -0.121951219512195, 0, 0, 0, 0, 0, 0, 
0, 0, 0, 0, 0, 0, 0, 0, 0, 0, 0, 0, 0, 0, 0, 0, 0, 0, 0, 0, 0, 
0, 0, 0, 0, 0, 0, 0, 0, 0, 0, 0, 0, 0, 0, 0, 0, 0, 0, 0, 0, 0, 
0, 0, 0, 0, 0, 0, 0, 0, 0, 0, 0, 0, 0, 0, 0, 0, 0, 0, 0, 0, 0, 
0, 0, 0, 0, 0, 0, 0, 0, 0, 0, 0, 0, 0, 0, 0, 0, 0, 0, 0, 0, 0, 
0, 0, 0, 0, 0, 0, 0, 0, 0, 0, 0, 0, 0, 0, 0, 0, 0, 0, 0, 0, 0, 
0, 0, 0, 0, 0, 0, 0, 0, 0, 0, 0, 0, 0, 0, 0, 0, 0, 0, 0, 0, 0, 
0, 0, 0, 0, 0, 0, 0, 0, 0, 0, 0, 0, 0, 0, 0, 0, 0, 0, 0, 0, 0, 
0, 0, 0, 0, 0, 0, 0, 0, 0, 0, 0, 0, 0, 0, 0, 0, 0, 0, 0, 0, 0, 
0, 0, 0, 0, 0, 0, 0, 0, 0, 0, 0, 0, 0, 0, 0, 0, 0, 0, 0, 0, 0, 
0, 0, 0, 0, 0, 0, 0, 0, 0, 0, 0, 0, 0, 0, 0, 0, 0, 0, 0, 0, 0, 
0, 0, 0, 0, 0, 0, 0, 0, 0, 0, 0, 0, 0, 0, 0, 0, 0, 0, 0, 0, 0, 
0, 0, 0, 0, 0, 0, 0), .Dim = c(29L, 29L), .Dimnames = list(c("pb", 
"Anthocorid", "BEB", "Cercopid..brn.", "Cocc.nymph..blk.orng.", 
"edge.mnr.", "egg.on.a.stick", "Fly..brn.rnd.", "Fly..gldn.Dolicho.", 
"Globuli", "Lbb..many.spt.", "Lf.tier", "Lfhppr..brn.", "Lfhppr..fisheye.", 
"Lfhppr..grn.", "Melyrid..gry.blk.", "midge", "Muscid", "Myrm.ant", 
"Paras.", "Phylla", "punkie", "red.mite", "Syrphid..lttl.yllw.", 
"T.dip", "Thec..aff.", "Thrip..blk.", "Tip..mnr", "Tip.roller"
), c("pb", "Anthocorid", "BEB", "Cercopid..brn.", "Cocc.nymph..blk.orng.", 
"edge.mnr.", "egg.on.a.stick", "Fly..brn.rnd.", "Fly..gldn.Dolicho.", 
"Globuli", "Lbb..many.spt.", "Lf.tier", "Lfhppr..brn.", "Lfhppr..fisheye.", 
"Lfhppr..grn.", "Melyrid..gry.blk.", "midge", "Muscid", "Myrm.ant", 
"Paras.", "Phylla", "punkie", "red.mite", "Syrphid..lttl.yllw.", 
"T.dip", "Thec..aff.", "Thrip..blk.", "Tip..mnr", "Tip.roller"
))), `1000.1` = structure(c(0, 0, 0, 0, 0, 0, 0, 0, 0, 0, 0, 
0, 0, 8.72289156626506, 0, 0, 0, 0, 0, 0, 0, 0, 0, 0, 0, 0, 0, 
0, 0, 0, 0, 0.194029850746269, 0, 0, 0, 0.257142857142857, 0, 
0, 0, 0, 0, 0, 0.132530120481928, 0, 0.255813953488372, 0, 0, 
0, 0, 0, 0, 0, 0, 0, 0, 0, 0, 0, 0, 0.194029850746269, 0, 0, 
0, 0, 0, 0, 0, 0, 0, 0, 0, 0.831325301204819, 0, 1.04651162790698, 
0, 0, 0, 0, 0, 0, 0, 0, 0, 0, 0, 0, 0, 0, 0, 0, 0, 0, 0, 0, 0, 
0, 0, 0, 0, 0, -0.216867469879518, 0, 0, 0, 0, 0, 0, 0, 0, 0, 
0, 0, 0, 0, 0, 0, 0, 0, 0, 0, 0, 0, 0, 0, 0, 0, 0, 0, 0, 0, 0, 
0, 0, 0, 0, 0, 0, 0, 0, 0, 0, 0, 0, 0, 0, 0, 0, 0, 0, 0, 0, -0.0571428571428572, 
0, 0, 0, 0, 0, 0, 0, 0, 0, 0, 0, 0, 0, 0, 0, 0, 0, 0, 0, 0, 0, 
0, 0, 0.257142857142857, 0, 0, 0, -0.0571428571428572, 0, 0, 
0, 0, 0, 0, 0, 0.397590361445783, 0, 0, 0, 0, 0, 0, -0.666666666666667, 
0, 0, 0, 0, 0, 0, -0.666666666666667, 0, 0, 0, 0, 0, 0, 0, 0, 
0, 0, 0, 0, 0, 0, 0, 0, 0, 0, 0, 0, 0, 0, 0, 0, 0, 0, 0, 0, 0, 
0, 0, 0, 0, 0, 0, 0, 0, 0, 0, 0, 0, 0, 0, 0, 0, 0, 0, 0, 0, 0, 
0, 0, 0, 0, 0, 0, 0, 0, 0, 0, 0, 0, 0, 0, 0, 0, 0, 0, 0, 0, 0, 
0, 0, 0, -0.0232558139534883, 0, 0, 0, 0, 0, 0, 0, 0, 0, 0, 0, 
0, 0, 0, 0, 0, 0, 0, 0, 0, 0, 0, 0, 0, 0, 0, 0, 0, 0, 0, 0, 0, 
0, 0, 0, 0, 0, 0, 0, 0, 0, 0, 0, 0, 0, 0, 0, 0, 0, 0, 0, 0, 0, 
0, 0, 0.168674698795181, 0, 0, 0, 0, 0, 0, 0.666666666666667, 
0, 0, 0, 0, 0, 0, 0, 0, 0, 0, 0, 0, 0, 0, 0, 0, 0, 0, 0, 0, 0, 
0, 0, -0.0232558139534883, 0, 0, 0, 0, 0, 0, 0, 0, 0, 0, 0, 0, 
0, 8.72289156626506, 0.132530120481928, 0.831325301204819, -0.216867469879518, 
0, 0, 0.397590361445783, 0, 0, 0, 0, 0.168674698795181, 0, 0, 
0, 0, 0, 0, 0, 0, 0, 0, 0, 0, 0, 0, 0, 0, 0, 0, 0, 0, 0, 0, 0, 
0, 0, 0, 0, 0, 0, 0, 0, 0, 0, 0, 0, 0, 0, 0, 0, 0, 0, 0, 0, 0, 
0, 0, 0, 0.255813953488372, 1.04651162790698, 0, 0, 0, 0, 0, 
0, -0.0232558139534883, 0, 0, -0.0232558139534883, 0, 0, 0, 0, 
0, 0, 0, 0, 0, 0, 0, 0, 0, 0, 0, 0, 0, 0, 0, 0, 0, 0, 0, 0, 0, 
0, 0, 0, 0, 0, 0, 0, 0, 0, 0, 0, 0, 0, 0, 0, 0, 0, 0, 0, 0, 0, 
0, 0, 0, 0, 0, 0, 0, 0, 0, 0, 0, 0, 0, 0, 0, 0, 0, 0, 0, 0, 0, 
0, 0, 0, 0, 0, 0, 0, 0, 0, 0, 0, 0, 0, 0, 0, 0, 0, 0, 0, 0, 0, 
0, 0, 0, 0, 0, 0, -1.81298660734736e-16, 0, 0, 0, 0, 0, 0, -1.81298660734736e-16, 
0, 0, 0, 0, 0, 0, 0, 0, 0, 0, 0, 0, 0, 0, 0, 0, 0, 0, 0, 0, 0, 
0, 0, 0, 0, 0, 0, 0, 0, 0, 0, 0, 0, 0, 0, 0, -0.666666666666667, 
0, 0, 0, 0, 0.666666666666667, 0, 0, 0, 0, 0, 0, -1.81298660734736e-16, 
0, 0, 0, 0, 0, 0, 0, 0, 0, 0, 0, 0, 0, 0, 0, 0, 0, 0, 0, 0, 0, 
0, 0, 0, 0, 0, 0, 0, 0, 0, 0, 0, 0, 0, 0, 0, 0, 0, 0, 0, 0, 0, 
0, 0, 0, 0, 0, 0, 0, 0, 0, 0, 0, 0, 0, 0, 0, 0, 0, 0, 0, 0, 0, 
0, 0, 0, 0, 0, 0, 0, 0, 0, 0, 0, 0, 0, 0, 0, 0, 0, 0, 0, 0, 0, 
0, 0, 0, 0, 0, 0, 0, 0, 0, 0, 0, 0, 0, 0, 0, 0, 0, 0, 0, 0, 0, 
0, 0, 0, 0, 0, 0, 0, 0, 0, 0, 0, 0, 0, 0, 0, 0, 0, 0, 0, 0, 0, 
0, 0, 0, 0, 0, 0, 0, 0, 0, 0, 0, 0, 0, 0, 0, 0, 0, 0, 0, 0, 0, 
0, 0, 0, 0, 0, 0, 0, 0, 0, 0, 0, 0, 0, 0, 0, 0, 0, 0, 0, 0, 0, 
0, 0, 0, 0, 0, 0, 0, 0, 0, 0, 0, 0, 0, 0, 0, 0, 0, 0, 0, 0, 0, 
0, -0.666666666666667, 0, 0, 0, 0, 0, 0, 0, 0, 0, 0, 0, -1.81298660734736e-16, 
0, 0, 0, 0, 0, 0, 0, 0, 0, 0, 0, 0, 0, 0, 0, 0, 0, 0, 0, 0, 0, 
0, 0, 0, 0, 0, 0, 0, 0, 0, 0, 0, 0, 0, 0, 0, 0, 0, 0), .Dim = c(29L, 
29L), .Dimnames = list(c("pb", "Anthocorid", "BEB", "Cercopid..brn.", 
"Cocc.nymph..blk.orng.", "edge.mnr.", "egg.on.a.stick", "Fly..brn.rnd.", 
"Fly..gldn.Dolicho.", "Globuli", "Lbb..many.spt.", "Lf.tier", 
"Lfhppr..brn.", "Lfhppr..fisheye.", "Lfhppr..grn.", "Melyrid..gry.blk.", 
"midge", "Muscid", "Myrm.ant", "Paras.", "Phylla", "punkie", 
"red.mite", "Syrphid..lttl.yllw.", "T.dip", "Thec..aff.", "Thrip..blk.", 
"Tip..mnr", "Tip.roller"), c("pb", "Anthocorid", "BEB", "Cercopid..brn.", 
"Cocc.nymph..blk.orng.", "edge.mnr.", "egg.on.a.stick", "Fly..brn.rnd.", 
"Fly..gldn.Dolicho.", "Globuli", "Lbb..many.spt.", "Lf.tier", 
"Lfhppr..brn.", "Lfhppr..fisheye.", "Lfhppr..grn.", "Melyrid..gry.blk.", 
"midge", "Muscid", "Myrm.ant", "Paras.", "Phylla", "punkie", 
"red.mite", "Syrphid..lttl.yllw.", "T.dip", "Thec..aff.", "Thrip..blk.", 
"Tip..mnr", "Tip.roller"))), `1008.1` = structure(c(0, 0, 0, 
0.727272727272727, 0, 0, 0, 0, 0, 0, 0, 0, 0, 0, 0, 0, 0, 0, 
0, 0, 0, 0, 0, 0, 0, 0, 0, 0, 0, 0, 0, 0, 0, 0, 0, 0, 0, 0, 0, 
0, 0, 0, 0, 0, 0, 0, 0, 0, 0, 0, 0, 0, 0, 0, 0, 0, 0, 0, 0, 0, 
0, 3.45454545454545, 0, 0, 0, 0, 0, 0, 0, 0, 0, 0, 0, 0, 0, 0, 
0, 0, 0.0556291390728476, 0, 0, 0, 0, 0, 0, -2.8421052631579, 
0, 0.727272727272727, 0, 3.45454545454545, 0, 0, 0, 0, 0, 0, 
0, 0, 0, 0, 0, 0, 0, 0, 0, 0, 0, 0, 0, 0, 0, 0, 0, 0, -0.578947368421053, 
0, 0, 0, 0, 0, 0, 0, 0, 0, 0, 0, 0, 0, 0, 0, 0, 0, 0, 0, 0, 0, 
0, 0, 0, 0, 0, 0, 0, 0, 0, 0, 0, 0, 0, 0, 0, 0, 0, 0, 0, 0, 0, 
0, 0.105691056910569, 0, 0, 0, 0, 0, 0, 0, 0, 0, 0, 0, 0, 0, 
0, 0, 0, 0, 0, 0, 0, 0, 0, 0, 0, 0, 0, 0, 0, 0, 0, 0, 0, 0, 0, 
0, 0, 0, 0, 0, 0, 0, 0, 0, 0, 0, 0, 0, 0, 0, 0, 0, 0, 0, 0, 0, 
0, 0, 0, 0, 0, 0, 0, 0, 0, 0, 0, 0, 0, 0, 0, 0, -0.263157894736842, 
0, 0, 0, 0, 0, 0, 0, 0, 0, 0, 0, 0, 0, 0, 0, 0, 0, 0, 0, 0, 0, 
0, 0, 0, 0, 0, 0, 0, 0, 0, 0, 0, 0, 0, 0, 0, 0, 0, 0, 0, 0, 0, 
0, 0, 0, 0, 0, 0, 0, 0, -0.218543046357616, 0, 0, 0, 0, 0, 0, 
0, 0, 0, 0, 0, 0, 0, 0, 0, 0, 0, 0, 0, 0, 0, 0, 0, 0, 0, 0, 0, 
0, -0.0437086092715232, 0, 0, 0, 0, 0, 0, 0, 0, 0, 0, 0, 0, 0, 
0, 0, 0, 0, 0, 0, 0, 0, 0, 0, 0, 0, 0, 0, 0, 0, 0, 0, 0, 0, 0, 
0, 0, 0, 0, 0, 0, 0, 0, 0, 0, 0, 0, 0, 0, 0, 0, 0.0731707317073171, 
0, 0, 0, 0, 0, 0, 0.0516556291390729, 0, 0, 0, 0, 0, 0, 0, 0, 
0, 0, 0, 0, 0, 0.105691056910569, 0, 0, 0, 0, 0, 0, 0.0731707317073171, 
0, 0, 0, 0, 0, 0, 0, 0, 0, 0, 0, 0, 0, 0, 0, 0, 0, 0, 0, 0, 0, 
0, 0, 0, 0, 0, 0, 0, 0, 0, 0, 0, 0, 0, 0, 0, 0, 0, 0, 0, 0, 0, 
0, 0, 0, 0, 0, 0, 0, 0, 0, 0, 0, 0, 0, 0, 0, 0, 0, 0, 0, 0, 0, 
0, 0, 0, 0, 0, 0, 0, 0, 0, 0, 0, 0, 0, 0, 0, 0, 0, 0, 0, 0, 0, 
0, 0, 0, 0, 0, 0, 0, 0, 0, 0, 0, 0, 0, 0, 0, 0, 0, 0, 0, 0, 0, 
0, 0, 0, 0, 0, 0, 0, 0, 0, 0, 0, 0, 0, 0, 0, 0, 0, 0, 0, 0, 0, 
0, 0, 0, 0, 0, 0, 0, 0, 0, 0, 0, 0, 0, 0, 0, 0, 0, 0, 0, 0, 0, 
0, 0, 0, 0, 0, 0, 0, 0, 0, 0, 0, 0, 0, 0, 0, 0, 0, 0, 0, 0, 0, 
0, 0, 0, 0, 0, 0, 0, 0, 0, 0, 0, 0, 0, 0, 0, 0, 0, 0, 0, 0, -0.105263157894737, 
0, 0, 0, 0.0556291390728476, 0, 0, 0, 0, 0, 0, -0.218543046357616, 
-0.0437086092715232, 0, 0.0516556291390729, 0, 0, 0, 0, 0, 0, 
0, 0, 0, 0, 0, 0, 0, 0, 3.52631578947369, 0, 0, 0, 0, 0, 0, 0, 
0, 0, 0, 0, 0, 0, 0, 0, 0, 0, 0, 0, 0, 0, 0, 0, 0, 0, 0, 0, 0, 
0, 0, 0, 0, 0, 0, 0, 0, 0, 0, 0, 0, 0, 0, 0, 0, 0, 0, 0, 0, 0, 
0, 0, 0, 0, 0, 0, 0, 0, 0, 0, 0, 0, 0, 0, 0, 0, 0, 0, 0, 0, 0, 
0, 0, 0, 0, 0, 0, 0, 0, 0, 0, 0, 0, 0, 0, 0, 0, 0, 0, 0, 0, 0, 
0, 0, 0, 0, 0, 0, 0, 0, 0, 0, 0, 0, 0, 0, 0, 0, 0, 0, 0, 0, 0, 
0, 0, 0, 0, 0, 0, 0, 0, 0, 0, 0, 0, 0, 0, 0, 0, 0, 0, 0, 0, 0, 
0, 0, 0, 0, 0, 0, 0, 0, 0, 0, 0, 0, 0, 0, 0, 0, 0, 0, 0, 0, 0, 
0, 0, 0, 0, 0, 0, 0, 0, 0, 0, 0, 0, 0, 0, 0, 0, 0, 0, 0, 0, 0, 
0, 0, -2.8421052631579, -0.578947368421053, 0, 0, 0, -0.263157894736842, 
0, 0, 0, 0, 0, 0, 0, 0, 0, 0, 0, -0.105263157894737, 3.52631578947369, 
0, 0, 0, 0, 0, 0, 0, 0, 0, 0, 0, 0, 0, 0, 0, 0, 0, 0, 0, 0, 0, 
0, 0, 0, 0, 0, 0, 0, 0, 0, 0, 0, 0, 0, 0, 0, 0), .Dim = c(29L, 
29L), .Dimnames = list(c("pb", "Anthocorid", "BEB", "Cercopid..brn.", 
"Cocc.nymph..blk.orng.", "edge.mnr.", "egg.on.a.stick", "Fly..brn.rnd.", 
"Fly..gldn.Dolicho.", "Globuli", "Lbb..many.spt.", "Lf.tier", 
"Lfhppr..brn.", "Lfhppr..fisheye.", "Lfhppr..grn.", "Melyrid..gry.blk.", 
"midge", "Muscid", "Myrm.ant", "Paras.", "Phylla", "punkie", 
"red.mite", "Syrphid..lttl.yllw.", "T.dip", "Thec..aff.", "Thrip..blk.", 
"Tip..mnr", "Tip.roller"), c("pb", "Anthocorid", "BEB", "Cercopid..brn.", 
"Cocc.nymph..blk.orng.", "edge.mnr.", "egg.on.a.stick", "Fly..brn.rnd.", 
"Fly..gldn.Dolicho.", "Globuli", "Lbb..many.spt.", "Lf.tier", 
"Lfhppr..brn.", "Lfhppr..fisheye.", "Lfhppr..grn.", "Melyrid..gry.blk.", 
"midge", "Muscid", "Myrm.ant", "Paras.", "Phylla", "punkie", 
"red.mite", "Syrphid..lttl.yllw.", "T.dip", "Thec..aff.", "Thrip..blk.", 
"Tip..mnr", "Tip.roller"))), `1017.1` = structure(c(0, 0, 0, 
0, 0, 0, 0, 0, 6.08333333333333, 0, 12.1666666666667, 0, 0, -6.86, 
0, 0, 0, 0, 0, 0, 0, 12.1666666666667, 0, 0, 0, 29.5, 0, -4.94444444444444, 
0, 0, 0, 0, 0.372549019607843, 0, 0, -0.0936329588014981, 0, 
0, 0, 0, -0.222222222222222, 0, 0, 0, 0, 0, 0, 0, 0, -0.0880316518298714, 
0, 0, 0, 0, 0, 0, 0, -0.636363636363636, 0, 0, 0, 0, 0, -0.2, 
0, 0, 0, 0, 0, 0.0555555555555555, 0, 0, 0, -0.0909090909090909, 
0, 0, 0, 0, 0, 0, 0, 0, 0, 0, 0, -0.166666666666667, 0, 0, 0.372549019607843, 
0, 0, 0, 0, -0.393258426966292, 0, -0.416666666666667, 0, -0.833333333333333, 
0, 0, 0, 0, 1, 0, 0, 0, 0, -0.0801186943620178, -0.833333333333333, 
0, 0, 0, 0.5, 0, 0, -2.09090909090909, 0, 0, 0, 0, 0, 0, 0, 0, 
0, 0, 0, 0, 0, 0, 0, 0, 0, 0, 0, 0, 0, 0, 0, 0, 0, 0, 0, 0, 0, 
0, 0, -0.2, 0, 0, 0, 0.138576779026217, 0, 0, 0, 0, 0.333333333333333, 
0, 0.233333333333333, 0, 0, 0, 0, 0, 0, 0.159248269040554, 0, 
0, 0, 0, 0, 0, 0, 1, 0, -0.0936329588014981, 0, -0.393258426966292, 
0, 0.138576779026217, 0, 0, 1.41666666666667, 0, 2.83333333333334, 
0, 0, 0, 0, -3.72727272727273, 0, 0, 0, 0, -0.0445103857566766, 
2.83333333333334, 0, 0, 0, -0.5, 0, 0, 4.81818181818182, 0, 0, 
0, 0, 0, 0, 0, 0, 0, 0, 0, 0, 0, 0.0866666666666667, 0, 0, 0, 
0, 0, 0, 0.0544015825914936, 0, 0, 0, 0, 0, 0, 0.277777777777778, 
0.0909090909090909, 6.08333333333333, 0, 0, -0.416666666666667, 
0, 0, 1.41666666666667, 0, 0, 0, 0, 0, 0, 0, 0, -2.18181818181818, 
0, 0, 0, 0, -0.158259149357072, 0, 0, 0, 0, 0.666666666666666, 
0, -0.444444444444445, 2.18181818181818, 0, 0, 0, 0, 0, 0, 0, 
0, 0, 0, 0, 0, 0, 0.0866666666666667, 0, 0, 0, 0, 0, 0, 0.0544015825914936, 
0, 0, 0, 0, 0, 0, 0.277777777777778, 0.0909090909090909, 12.1666666666667, 
0, 0, -0.833333333333333, 0, 0, 2.83333333333334, 0, 0, 0, 0, 
0, 0, 0, 0, -1.09090909090909, 0, 0, 0, 0, -0.0791295746785361, 
0, 0, 0, 0, 0.333333333333333, 0, -0.222222222222222, 1.09090909090909, 
0, -0.222222222222222, 0.0555555555555555, 0, 0, 0.333333333333333, 
0, 0, 0, 0, 0, 0, 0, 0, 0, 0, 0, 0, 0, 0, 0, -1.33333333333333, 
0, 0, 0, -1.33333333333333, 0, 0.888888888888889, -0.363636363636364, 
0, 0, 0, 0, 0, 0, 0, 0, 0, 0, 0, 0, 0, 0, 0, -0.454545454545454, 
0, 0, 0, 0, -0.0207715133531157, 0, 0, 0, 0, -4.53246651836839e-17, 
0, 0, 0.454545454545454, -6.86, 0, 0, 0, 0, 0.233333333333333, 
0, 0.0866666666666667, 0, 0.0866666666666667, 0, 0, 0, 0, 0, 
0, 0, 0, 0, 0, 0, -1.66666666666667, 0, 0, 0, 0, 0, 2.11111111111111, 
1.27272727272727, 0, 0, 0, 0, 0, 0, 0, 0, 0, 0, 0, 0, 0, 0, 0, 
0.545454545454545, 0, 0, 0, 0, 0, 0, 0, 0, 0, 0, 0, 0, 0, 0, 
0, -0.0909090909090909, 1, 0, 0, -3.72727272727273, 0, -2.18181818181818, 
0, -1.09090909090909, 0, -0.454545454545454, 0, 0.545454545454545, 
0, 0, 0, 0, 0, 0.0583580613254204, -0.5, 0, 0, 0, 0.166666666666667, 
0, 0, -0.636363636363636, 0, 0, 0, 0, 0, 0, 0, 0, 0, 0, 0, 0, 
0, 0, 0, 0, 0, 0, 0, 0, 0, -1, 0, 0, 0, 0, 0, 0.333333333333333, 
0, 0, 0, 0, 0, 0, 0, 0, 0, 0, 0, 0, 0, 0, 0, 0, 0, 0, 0, 0, 0, 
0, 0, 0, 0, 0, 0, 0, 0, 0, 0, 0, 0, 0, 0, 0, 0, 0, 0, 0, 0, 0, 
0, 0, 0, 0, 0, 0, 0, 0, 0, 2.2662332591842e-17, 0, 0, 0, 0.333333333333333, 
0, 0, 0, 0, 0, 0, 0, 0, 0, 0, 0, 0, 0, 0, 0, 0, 0, 0, 0, 0, 0, 
0, 0, -0.0207715133531157, 0, 0, 0, 0, -4.53246651836839e-17, 
0, 0, 0.454545454545454, 0, -0.0880316518298714, 0, -0.0801186943620178, 
0, 0.159248269040554, -0.0445103857566766, 0.0544015825914936, 
-0.158259149357072, 0.0544015825914936, -0.0791295746785361, 
0, -0.0207715133531157, 0, 0, 0.0583580613254204, 0, 0, 0, -0.0207715133531157, 
0, 0, 0, 0, 0, 0, 0, 5.05555555555556, 1.18181818181818, 12.1666666666667, 
0, 0, -0.833333333333333, 0, 0, 2.83333333333334, 0, 0, 0, 0, 
-1.33333333333333, 0, -1.66666666666667, 0, -0.5, -1, 0, 2.2662332591842e-17, 
0, 0, 0, 0, 0, 0, 0.333333333333333, 0, -0.222222222222222, 1.09090909090909, 
0, 0, 0, 0, 0, 0, 0, 0, 0, 0, 0, 0, 0, 0, 0, 0, 0, 0, 0, 0, 0, 
0, 0, 0, 0, 0, 0, 0, 0, 0, 0, 0, 0, 0, 0, 0, 0, 0, 0, 0, 0, 0, 
0, 0, 0, 0, 0, 0, 0, 0, 0, 0, 0, 0, 0, 0, 0, 0, 0, 0, 0, 0, 0, 
0, 0, 0, 0, 0, 0, 0, 0, 0, 0, 0, 0, 0, 0, 0, 0, 0, 0, 0, 0, 0, 
0, 0.555555555555555, 0.181818181818182, 29.5, 0, 0, 0.5, 0, 
0, -0.5, 0, 0.666666666666666, 0, 0.333333333333333, -1.33333333333333, 
-4.53246651836839e-17, 0, 0, 0.166666666666667, 0, 0, 0.333333333333333, 
-4.53246651836839e-17, 0, 0.333333333333333, 0, 0, 0, 0, 0, -0.222222222222222, 
0, 0, 0, 0, 0, 0, 0, 0, 0, 0, 0, 0, 0, 0, 0, 0, 0, 0, 0, 0, 0, 
0, 0, 0, 0, 0, 0, 0, 0, 0, -4.94444444444444, 0, -0.166666666666667, 
0, 0, 0, 0, 0.277777777777778, -0.444444444444445, 0.277777777777778, 
-0.222222222222222, 0.888888888888889, 0, 2.11111111111111, 0, 
0, 0.333333333333333, 0, 0, 0, 5.05555555555556, -0.222222222222222, 
0, 0, 0.555555555555555, -0.222222222222222, 0, 0, 0.545454545454545, 
0, -0.636363636363636, 0, -2.09090909090909, 0, 1, 4.81818181818182, 
0.0909090909090909, 2.18181818181818, 0.0909090909090909, 1.09090909090909, 
-0.363636363636364, 0.454545454545454, 1.27272727272727, 0, -0.636363636363636, 
0, 0, 0, 0.454545454545454, 1.18181818181818, 1.09090909090909, 
0, 0, 0.181818181818182, 0, 0, 0.545454545454545, 0), .Dim = c(29L, 
29L), .Dimnames = list(c("pb", "Anthocorid", "BEB", "Cercopid..brn.", 
"Cocc.nymph..blk.orng.", "edge.mnr.", "egg.on.a.stick", "Fly..brn.rnd.", 
"Fly..gldn.Dolicho.", "Globuli", "Lbb..many.spt.", "Lf.tier", 
"Lfhppr..brn.", "Lfhppr..fisheye.", "Lfhppr..grn.", "Melyrid..gry.blk.", 
"midge", "Muscid", "Myrm.ant", "Paras.", "Phylla", "punkie", 
"red.mite", "Syrphid..lttl.yllw.", "T.dip", "Thec..aff.", "Thrip..blk.", 
"Tip..mnr", "Tip.roller"), c("pb", "Anthocorid", "BEB", "Cercopid..brn.", 
"Cocc.nymph..blk.orng.", "edge.mnr.", "egg.on.a.stick", "Fly..brn.rnd.", 
"Fly..gldn.Dolicho.", "Globuli", "Lbb..many.spt.", "Lf.tier", 
"Lfhppr..brn.", "Lfhppr..fisheye.", "Lfhppr..grn.", "Melyrid..gry.blk.", 
"midge", "Muscid", "Myrm.ant", "Paras.", "Phylla", "punkie", 
"red.mite", "Syrphid..lttl.yllw.", "T.dip", "Thec..aff.", "Thrip..blk.", 
"Tip..mnr", "Tip.roller"))), `1020.1` = structure(c(0, 0, -0.0144927536231884, 
0, 0, 1.5, 0, 0, 0, 0, 0, 0, 0, 0, 0, 0, 0, 0, 0, 0, 0.0272727272727273, 
0, 0, 0, 0, 0, 0, 0, 0, 0, 0, 0, 0, 0, 0, 0, 0, 0, 0, 0, 0, 0, 
0, 0, 0, 0, 0, 0, 0, 0, 0, 0, 0, 0, 0, 0, 0, 0, -0.0144927536231884, 
0, 0, 0, 0, -3, 0, 0, 0, 0, 0, 0, 0, 0, 0, 0, 0, 0, 0, 0, 0, 
0, 0, 0, 0, 0, 0, -0.555555555555555, 0, 0, 0, 0, 0, 0, 0, 0, 
0, 0, 0, 0, 0, 0, 0, 0, 0, 0, 0, 0, 0, 0.0818181818181818, 0, 
0, 0, 0, 0, 0, 0, 0, 0, 0, 0, 0, 0, 0, 0, 0, 0, 0, 0, 0, 0, 0, 
0, 0, 0, 0, 0, 0, 0, 0, 0, 0, 0, 0, 0, 0, 0, 1.5, 0, -3, 0, 0, 
0, 0, 0, 0, 0, 0, 0, 0, 0, 0, 0, 0, 0, 0, 0, 0, 0, 0, 0, 0, 0, 
0, 0.444444444444444, 0, 0, 0, 0, 0, 0, 0, 0, 0, 0, 0, 0, 0, 
0, 0, 0, 0, 0, 0, 0, 0, 0.0454545454545454, 0, 0, 0, 0, 0, 0, 
-0.111111111111111, 0, 0, 0, 0, 0, 0, 0, 0, 0, 0, 0, 0, 0, 0, 
0, 0, 0, 0, 0, 0, 0, -0.0363636363636364, 0, 0, 0, 0, 0, 0, 0, 
0, 0, 0, 0, 0, 0, 0, 0, 0, 0, 0, 0, 0, 0, 0, 0, 0, 0, 0, 0, 0, 
0, 0, 0, 0, 0, 0, 0, 0, 0, 0, 0, 0, 0, 0, 0, 0, 0, 0, 0, 0, 0, 
0, 0, 0, 0, 0, 0, 0, 0, -0.0545454545454545, 0, 0, 0, 0, 0, 0, 
0.833333333333333, 0, 0, 0, 0, 0, 0, 0, 0, 0, 0, 0, 0, 0, 0, 
0, 0, 0, 0, 0, 0, 0, 0, 0, 0, 0, 0, 0, 0, -0.166666666666667, 
0, 0, 0, 0, 0, 0, 0, 0, 0, 0, 0, 0, 0, 0, 0, 0, 0, 0, 0, 0, 0, 
0, 0, 0, 0, 0, 0, 0, 0, 0, 0, 0, 0, 0, 0, 0, 0, 0, 0, 0, 0, 0, 
0, 0, 0, 0, 0, 0, 0, 0, 0, 0, 0, 0, 0, 0, 0, 0, 0, 0, 0, 0, 0, 
0, 0, 0, 0, 0, 0, 0, 0, 0, 0, 0, 0, 0, 0, 0, 0, -0.0454545454545455, 
0, 0, 0, 0, 0, 0, 0.111111111111111, 0, 0, 0, 0, 0, 0, 0, 0, 
0, 0, 0, 0, 0, 0, 0, 0, 0, 0, 0, 0, 0, 0.0818181818181818, 0, 
0, 0, 0, 0, 0, 0, 0, 0, 0, 0, 0, 0, 0, 0, 0, 0, 0, 0, 0, 0, 0, 
0, 0, 0, 0, 0, 0, 0, 0, 0, 0, 0, 0, 0, 0, 0, 0, 0, 0, 0, 0, 0, 
0, 0, 0, 0, 0, 0, 0, 0, 0, 0, 0, 0, 0, 0, 0.0454545454545454, 
0, 0, 0, 0, 0, 0, -0.111111111111111, 0, 0, 0, 0, 0, 0, 0, 0, 
0, 0, 0, 0, 0, 0, 0, 0, 0, 0, 0, 0, 0, 0, 0, 0, 0, 0, 0, 0, 0, 
0, 0, 0, 0, 0, 0, 0, 0, 0, 0, 0, 0, 0, 0, 0, 0, 0, 0, 0, 0, 0, 
0, 0, 0, 0, 0, 0, 0, 0, 0, 0, 0, 0, 0, 0, 0, 0, 0, 0, 0, 0, 0, 
0, 0, 0, 0, 0, 0, 0, 0, 0, 0, 0, 0, 0, 0, 0, -0.166666666666667, 
0, 0.0272727272727273, 0, 0, 0.0818181818181818, 0, 0, 0.0454545454545454, 
-0.0363636363636364, 0, -0.0545454545454545, 0, 0, 0, -0.0454545454545455, 
0.0818181818181818, 0, 0.0454545454545454, 0, 0, 0, 0, 0, 0, 
0, 0, 0, 0, 0, 0, 0, 0, 0, 0, 0, 0, 0, 0, 0, 0, 0, 0, 0, 0, 0, 
0, 0, 0, 0, 0, 0, 0, 0, 0, 0, 0, 0, 0, 0, 0, 0, 0, 0, 0, 0, 0, 
0, 0, 0, 0, 0, 0, 0, 0, 0, 0, 0, 0, 0, 0, 0, 0, 0, 0, 0, 0, 0, 
0, 0, 0, 0, 0, 0, 0, 0, 0, 0, 0, 0, 0, 0, 0, 0, 0, 0, 0, 0, 0, 
0, 0, 0, 0, 0, 0, 0, 0, 0, 0, 0, 0, 0, 0, 0, 0, 0, 0, 0, 0, 0, 
0, 0, 0, 0, 0, 0, 0, 0, 0, 0, 0, 0, 0, 0, 0, 0, 0, 0, 0, 0, 0, 
0, 0, 0, 0, 0, 0, 0, 0, 0, 0, 0, 0, 0, 0, 0, 0, 0, 0, 0, 0, 0, 
0, 0, 0, 0, 0, 0, 0, 0, 0, 0, 0, 0, 0, 0, 0, 0, 0, 0, 0, 0, 0, 
0, 0, 0, 0, 0, 0, 0, 0, 0, 0, 0, 0, 0, 0, -0.555555555555555, 
0, 0, 0.444444444444444, -0.111111111111111, 0, 0, 0.833333333333333, 
-0.166666666666667, 0, 0, 0.111111111111111, 0, 0, -0.111111111111111, 
0, 0, -0.166666666666667, 0, 0, 0, 0, 0, 0, 0, 0, 0, 0, 0, 0, 
0, 0, 0, 0, 0, 0, 0, 0, 0, 0, 0, 0, 0, 0, 0, 0, 0, 0, 0, 0, 0, 
0, 0, 0, 0, 0), .Dim = c(29L, 29L), .Dimnames = list(c("pb", 
"Anthocorid", "BEB", "Cercopid..brn.", "Cocc.nymph..blk.orng.", 
"edge.mnr.", "egg.on.a.stick", "Fly..brn.rnd.", "Fly..gldn.Dolicho.", 
"Globuli", "Lbb..many.spt.", "Lf.tier", "Lfhppr..brn.", "Lfhppr..fisheye.", 
"Lfhppr..grn.", "Melyrid..gry.blk.", "midge", "Muscid", "Myrm.ant", 
"Paras.", "Phylla", "punkie", "red.mite", "Syrphid..lttl.yllw.", 
"T.dip", "Thec..aff.", "Thrip..blk.", "Tip..mnr", "Tip.roller"
), c("pb", "Anthocorid", "BEB", "Cercopid..brn.", "Cocc.nymph..blk.orng.", 
"edge.mnr.", "egg.on.a.stick", "Fly..brn.rnd.", "Fly..gldn.Dolicho.", 
"Globuli", "Lbb..many.spt.", "Lf.tier", "Lfhppr..brn.", "Lfhppr..fisheye.", 
"Lfhppr..grn.", "Melyrid..gry.blk.", "midge", "Muscid", "Myrm.ant", 
"Paras.", "Phylla", "punkie", "red.mite", "Syrphid..lttl.yllw.", 
"T.dip", "Thec..aff.", "Thrip..blk.", "Tip..mnr", "Tip.roller"
))), `coal 3.1` = structure(c(0, 0, 6.32173913043478, 0, 0, 0, 
0, 0, 0, 0, 0, 0, 0, 0, 0, -24.5, 0, 0, 0, 0, -1.31538461538462, 
0, 0, 0, 0, 0, 0, 0, 0, 0, 0, 0, 0, 0, 0, 0, 0, 0, 0, 0, 0, 0, 
0, 0, 0, 0, 0, 0, 0, 0, 0, 0, 0, 0, 0, 0, 0, 0, 6.32173913043478, 
0, 0, 0, 0, -0.627906976744186, 1.5, 0, 0, 0, 0, 0, 0, -0.134177215189873, 
0, 1.3, 0, 0, 0, 0, -0.253846153846154, 0, 0, 0, 0, 0, 0, 0, 
0, 0, 0, 0, 0, 0, 0.465116279069767, 0, 0, 0, 0, 0, 0, 0, 0, 
0, 0, 0, 0, 0, 0, 0, 0, 0, 0, 0, 0, 0, 0, 0, 0, 0, 0, 0, 0, 0, 
0, 0, 0, 0, 0, 0, 0, 0, 0, -0.9, 0, 0, 0, 0, 0, 0, 0, 0, 0, 0, 
0, 0, 0, 0, 0, -0.627906976744186, 0.465116279069767, 0, 0, 0, 
0, 0, 0, 0, 0, 0, 0, 0, 0, 0, 0, 0, 0, 0.376923076923077, 0, 
0, 0, 0, 0, 0, 0, 0, 0, 0, 1.5, 0, 0, 0, 0, 0, 0, 0, 0, 0, 0, 
0.0708860759493671, 0, 0.2, 0, 0, 0, 0, -0.0153846153846154, 
0, 0, 0, 0, 0, 0, 0, 0, 0, 0, 0, 0, 0, 0, 0, 0, 0, 0, 0, 0, 0, 
0, 0, 0, 0, 0, 0, 0, 0, 0, 0, 0, 0, 0, 0, 0, 0, 0, 0, 0, 0, 0, 
0, 0, 0, 0, 0, 0, 0, 0, 0, 0, 0, 0, 0, 0, 0, 0, 0, 0, 0, 0, 0, 
0, 0, 0, 0, 0, 0, 0, 0, 0, 0, 0, 0, 0, 0, 0, 0, -0.0835443037974684, 
0, 0.9, 0, 0, 0, 0, 0, 0, 0, 0, 0, 0, 0, 0, 0, 0, 0, 0, 0, 0, 
0, 0, 0, 0, 0, 0, 0, 0, -0.0278481012658228, 0, 0.3, 0, 0, 0, 
0, 0, 0, 0, 0, 0, 0, 0, 0, 0, 0, 0, 0, 0, 0, 0, 0, 0, 0, 0, 0, 
0, 0, 0, 0, 0, 0, 0, 0, 0, 0.1, 0, 0, 0, 0, 0, 0, 0, 0, 0, 0, 
0, 0, 0, 0, 0, 0, 0, 0, 0, 0, 0, 0, 0, -0.3, 0, 0, 0, 0, 0, 0, 
0, 0, 0, 0, 0, 0, 0, 0, 0, -0.134177215189873, 0, 0, 0, 0.0708860759493671, 
0, 0, -0.0835443037974684, -0.0278481012658228, 0, 0, 0, 0, 0, 
0, 0, 0, 0, 1.02307692307692, 0, 0, 0, 0, 0, 0, 0, 0, 0, 0, 0, 
0, 0, 0, 0, 0, 0, 0, 0, 0, 0, 0, 0, -0.3, 0, 0, 0, 0, 0, 0, 0, 
0, 0, 0, 0, 0, 0, -24.5, 0, 1.3, 0, -0.9, 0, 0.2, 0, 0, 0.9, 
0.3, 0, -0.3, 0, -0.3, 0, 0, 0, 0, 0, 0, 0, 0, 0, 0, 0, 0, 0, 
0, 0, 0, 0, 0, 0, 0, 0, 0, 0, 0, 0, 0, 0, 0, 0, 0, 0, 0, 0, 0, 
0, 0, 0, 0, 0, 0, 0, 0, 0, 0, 0, 0, 0, 0, 0, 0, 0, 0, 0, 0, 0, 
0, 0, 0, 0, 0, 0, 0, 0, 0, 0, 0, 0, 0, 0, 0, 0, 0, 0, 0, 0, 0, 
0, 0, 0, 0, 0, 0, 0, 0, 0, 0, 0, 0, 0, 0, 0, 0, 0, 0, 0, 0, 0, 
0, 0, 0, 0, 0, 0, 0, 0, 0, 0, 0, 0, 0, 0, 0, 0, 0, 0, 0, 0, 0, 
0, 0, 0, -0.1, 0, 0, 0, 0, 0, 0, 0, 0, -1.31538461538462, 0, 
-0.253846153846154, 0, 0, 0.376923076923077, -0.0153846153846154, 
0, 0, 0, 0, 0.1, 0, 1.02307692307692, 0, 0, 0, 0, 0, -0.1, 0, 
0, 0, 0, 0, 0, 0, 0, 0, 0, 0, 0, 0, 0, 0, 0, 0, 0, 0, 0, 0, 0, 
0, 0, 0, 0, 0, 0, 0, 0, 0, 0, 0, 0, 0, 0, 0, 0, 0, 0, 0, 0, 0, 
0, 0, 0, 0, 0, 0, 0, 0, 0, 0, 0, 0, 0, 0, 0, 0, 0, 0, 0, 0, 0, 
0, 0, 0, 0, 0, 0, 0, 0, 0, 0, 0, 0, 0, 0, 0, 0, 0, 0, 0, 0, 0, 
0, 0, 0, 0, 0, 0, 0, 0, 0, 0, 0, 0, 0, 0, 0, 0, 0, 0, 0, 0, 0, 
0, 0, 0, 0, 0, 0, 0, 0, 0, 0, 0, 0, 0, 0, 0, 0, 0, 0, 0, 0, 0, 
0, 0, 0, 0, 0, 0, 0, 0, 0, 0, 0, 0, 0, 0, 0, 0, 0, 0, 0, 0, 0, 
0, 0, 0, 0, 0, 0, 0, 0, 0, 0, 0, 0, 0, 0, 0, 0, 0, 0, 0, 0, 0, 
0, 0, 0, 0, 0, 0, 0, 0, 0, 0, 0, 0, 0, 0, 0, 0, 0, 0, 0, 0, 0, 
0, 0, 0, 0, 0, 0, 0, 0, 0, 0, 0, 0, 0, 0, 0, 0, 0, 0, 0, 0, 0, 
0, 0, 0, 0, 0, 0, 0, 0, 0, 0, 0, 0, 0, 0, 0, 0, 0, 0, 0, 0, 0, 
0, 0, 0, 0, 0, 0, 0, 0, 0), .Dim = c(29L, 29L), .Dimnames = list(
    c("pb", "Anthocorid", "BEB", "Cercopid..brn.", "Cocc.nymph..blk.orng.", 
    "edge.mnr.", "egg.on.a.stick", "Fly..brn.rnd.", "Fly..gldn.Dolicho.", 
    "Globuli", "Lbb..many.spt.", "Lf.tier", "Lfhppr..brn.", "Lfhppr..fisheye.", 
    "Lfhppr..grn.", "Melyrid..gry.blk.", "midge", "Muscid", "Myrm.ant", 
    "Paras.", "Phylla", "punkie", "red.mite", "Syrphid..lttl.yllw.", 
    "T.dip", "Thec..aff.", "Thrip..blk.", "Tip..mnr", "Tip.roller"
    ), c("pb", "Anthocorid", "BEB", "Cercopid..brn.", "Cocc.nymph..blk.orng.", 
    "edge.mnr.", "egg.on.a.stick", "Fly..brn.rnd.", "Fly..gldn.Dolicho.", 
    "Globuli", "Lbb..many.spt.", "Lf.tier", "Lfhppr..brn.", "Lfhppr..fisheye.", 
    "Lfhppr..grn.", "Melyrid..gry.blk.", "midge", "Muscid", "Myrm.ant", 
    "Paras.", "Phylla", "punkie", "red.mite", "Syrphid..lttl.yllw.", 
    "T.dip", "Thec..aff.", "Thrip..blk.", "Tip..mnr", "Tip.roller"
    ))), `HE-10.1` = structure(c(0, 0, 0, 0, 0, 0, 0, 0, 0, 0, 
0, 0, 0, 0, 0, 0, 0, 0, 0, 0, 0, -0.3, 0, 0, 0, 0, 0, 0, 0, 0, 
0, 0, 0, 0, 0, 0, 0, 0, 0, 0, 0, 0, 0, 0, 0, 0, 0, 0, 0, 0, 0, 
0, 0, 0, 0, 0, 0, 0, 0, 0, 0, 0, 0, 0, 0.909090909090909, 0, 
0, 0, 0, 0, 0, -0.384615384615385, 0, -0.601626016260163, 0, 
0, 0, 0, 0, 1.4, 0, 0, 0, 0, 0, 0, 0, 0, 0, 0, 0, 0, 0, 0, 0, 
0, 0, 0, 0, 0, 0, 0, 0, 0, 0, 0, 0, 0, 0, 0, 0, 0, 0, 0, 0, 0, 
0, 0, 0, 0, 0, 0, 0, 0, 0, 0, 0, 0, 0, 0, 0, 0, 0, 0, 0, 0, 0, 
0, 0, 0, 0, 0, 0, 0, 0, 0, 0, 0, 0, 0, 0, 0, 0, 0, 0.181818181818182, 
0, 0, 0, 0, 0, 0, 0, 0, 0, 0, 0, -0.6, 0, 0, 0, 0, 0, 0, 0, 0, 
0, 0.909090909090909, 0, 0, 0, 0, 0, 0, 0.636363636363636, 0, 
0, 0, 0.0961538461538461, 0, -0.252032520325203, 0, 0, 0, 0, 
0.121951219512195, 0, 0, 0, 0, 0, 0, 0, 0, 0, 0, 0, 0, 0, 0, 
0, 0, 0, 0, 0, 0, 0, -0.0961538461538461, 0, -0.105691056910569, 
0, 0, 0, 0, 0, 0.3, 0, 0, 0, 0, 0, 0, 0, 0, 0, 0, 0, 0, 0, 0, 
0, 0, 0, 0, 0, 0, -0.0961538461538461, 0, -0.105691056910569, 
0, 0, 0, 0, 0, 0.3, 0, 0, 0, 0, 0, 0, 0, 0, 0, 0, 0, 0, 0.181818181818182, 
0.636363636363636, 0, 0, 0, 0, 0, 0, 0, 0, -0.056910569105691, 
0, 0, 0, 0, 0, 0, 0, 0, 0, 0, 0, 0, 0, 0, 0, 0, 0, 0, 0, 0, 0, 
0, 0, 0, 0, 0, 0, 0, 0, 0, 0, 0, 0, 0, 4.96506830649455e-17, 
0, 0, 0, 0, 0, 0, 0, 0, 0, 0, 0, 0, 0, 0, 0, 0, 0, 0, 0, 0, 0, 
0, 0, 0, 0, 0, 0, 0, 0, 0, 0, 0, 0, 0, 0, 0, 0, 0, 0, 0, 0, 0, 
0, 0, 0, 0, 0, 0, 0, 0, 0, 0, 0, 0, 0, 0, 0, 0, 0, 0, 0, 0, 0, 
0, 0, 0, 0, -0.384615384615385, 0, 0, 0, 0.0961538461538461, 
-0.0961538461538461, -0.0961538461538461, 0, 0, 0, 0, 0, 0, 0.16260162601626, 
0, 0, 0, 0, 0, -1.6, 0, 0, 0, 0, 0, 0, 0, 0, 0, 0, 0, 0, 0, 0, 
0, 0, 0, 0, 0, 0, 0, 0, 0, 0, 0, 0, 0, 0, 0, 0, 0, 0, 0, 0, 0, 
0, 0, 0, -0.601626016260163, 0, 0, 0, -0.252032520325203, -0.105691056910569, 
-0.105691056910569, -0.056910569105691, 0, 0, 0, 0.16260162601626, 
0, 0, 0, 0, 0, 0, -0.447154471544715, 0, 0, 0, 0, 0, 0, 0, 0, 
0, 0, 0, 0, 0, 0, 0, 0, 0, 0, 0, 0, 0, 0, 0, 0, 0, 0, 0, 0, 0, 
0.3, 0, 0, 0, 0, 0, 0, 0, 0, 0, 0, 0, 0, 0, 0, 0, 0, 0, 0, 0, 
0, 0, 0, 0, 0, 0, 0, 0, 0, 0, 0, 0, 0, 0, 0, 0, 0, 0, 0, 0, 0, 
0, 0, 0, 0, 0, 0, 0, 0, 0, 0, 0, 0, 0, 0, 0, 0, 0.219512195121951, 
-0.9, 0, 0, 0, 0, 0, 0, 0, 0, 0, 0, 0, 0, 0, 0, 0, 0, 0, 0, 0, 
0, 0, 0, 0, 0, 0, 0, 0, 0, 4.96506830649455e-17, 0, 0, 0, 0, 
0, 0, 0, 0, 0, 0, 0, 0, 0, 0.121951219512195, 0, 0, 0, 0, 0, 
0, 0, 0, -0.447154471544715, 0, 0, 0.219512195121951, 0, 0, 0, 
0, 0, 0, 0, 0, 0, 0, -0.3, 0, 1.4, 0, 0, -0.6, 0, 0.3, 0.3, 0, 
4.96506830649455e-17, 0, 0, -1.6, 0, 0, 0.3, 0, -0.9, 4.96506830649455e-17, 
0, 0, 0, 0, 0, 0, 0, 0, 0, 0, 0, 0, 0, 0, 0, 0, 0, 0, 0, 0, 0, 
0, 0, 0, 0, 0, 0, 0, 0, 0, 0, 0, 0, 0, 0, 0, 0, 0, 0, 0, 0, 0, 
0, 0, 0, 0, 0, 0, 0, 0, 0, 0, 0, 0, 0, 0, 0, 0, 0, 0, 0, 0, 0, 
0, 0, 0, 0, 0, 0, 0, 0, 0, 0, 0, 0, 0, 0, 0, 0, 0, 0, 0, 0, 0, 
0, 0, 0, 0, 0, 0, 0, 0, 0, 0, 0, 0, 0, 0, 0, 0, 0, 0, 0, 0, 0, 
0, 0, 0, 0, 0, 0, 0, 0, 0, 0, 0, 0, 0, 0, 0, 0, 0, 0, 0, 0, 0, 
0, 0, 0, 0, 0, 0, 0, 0, 0, 0, 0, 0, 0, 0, 0, 0, 0, 0, 0, 0, 0, 
0, 0, 0, 0, 0, 0, 0, 0, 0, 0, 0, 0, 0, 0, 0, 0, 0, 0, 0, 0, 0, 
0, 0, 0, 0, 0, 0, 0, 0, 0, 0, 0, 0, 0, 0, 0, 0, 0, 0, 0, 0, 0, 
0, 0, 0, 0, 0, 0, 0, 0, 0, 0, 0, 0, 0, 0, 0, 0, 0, 0, 0, 0, 0, 
0, 0), .Dim = c(29L, 29L), .Dimnames = list(c("pb", "Anthocorid", 
"BEB", "Cercopid..brn.", "Cocc.nymph..blk.orng.", "edge.mnr.", 
"egg.on.a.stick", "Fly..brn.rnd.", "Fly..gldn.Dolicho.", "Globuli", 
"Lbb..many.spt.", "Lf.tier", "Lfhppr..brn.", "Lfhppr..fisheye.", 
"Lfhppr..grn.", "Melyrid..gry.blk.", "midge", "Muscid", "Myrm.ant", 
"Paras.", "Phylla", "punkie", "red.mite", "Syrphid..lttl.yllw.", 
"T.dip", "Thec..aff.", "Thrip..blk.", "Tip..mnr", "Tip.roller"
), c("pb", "Anthocorid", "BEB", "Cercopid..brn.", "Cocc.nymph..blk.orng.", 
"edge.mnr.", "egg.on.a.stick", "Fly..brn.rnd.", "Fly..gldn.Dolicho.", 
"Globuli", "Lbb..many.spt.", "Lf.tier", "Lfhppr..brn.", "Lfhppr..fisheye.", 
"Lfhppr..grn.", "Melyrid..gry.blk.", "midge", "Muscid", "Myrm.ant", 
"Paras.", "Phylla", "punkie", "red.mite", "Syrphid..lttl.yllw.", 
"T.dip", "Thec..aff.", "Thrip..blk.", "Tip..mnr", "Tip.roller"
))), `Rm-2.1` = structure(c(0, 0, 0, 0, 0, 0, 0, 0, 0, 0, 0, 
0, 0, 0, 0, 0, 0, 0, 0, 0, -0.995334370139969, -4.36363636363636, 
0, 0, 0, 0, 0, 0, 0, 0, 0, 0, 0, 0, 0, 0, 0, 0, 0, 0, 0, 0, 0, 
0, 0, 0, 0, 0, 0, -0.0279937791601866, 0, 0, 0, 0, 0, 0, 0, 0, 
0, 0, 0, 0, 0, 0, 0.226086956521739, 0, 0, 0, 0, 0, 0, 0, 0, 
0, 0, 0, 0, 0, 0, 0, 0, 0, 0, 0, 0, 0, 0, 0, 0, 0, 0, 0, 0, 0, 
0, 0, 0, 0, 0, 0, 0, 0, 0, 0, 0, 0, 0, 0, 0, 0, 0, 0, 0, 0, 0, 
0, 0, 0, 0, 0, 0, 7.85046229341887e-17, 0.156521739130435, 0, 
0, 0.168674698795181, 0, 0, 0, -0.0384615384615385, 0, 0, 0, 
0, 0, 0, -0.0653188180404355, -0.545454545454546, 0, 0, 0, 0, 
0, 0, 0, 0, 0, 0, 0, 7.85046229341887e-17, 0, 0.139130434782609, 
0, 0, 0.192771084337349, 0, 0, 0, 0.269230769230769, 0, 0, 0, 
0, 0, 0, 0, 0, 0, 0, 0, 0, 0, 0.0404040404040404, 0, 0, 0, 0.226086956521739, 
0, 0.156521739130435, 0.139130434782609, 0, 0, 0, 1.16867469879518, 
0, 0, 0, 0.346153846153846, 0, 0, 0, 0, 0, 0, 0, 0, 0, 0, 0, 
0, 0, -0.494949494949495, 0, 0, 0, 0, 0, 0, 0, 0, 0, 0, 0, 0, 
0, 0, 0, 0, 0, 0, 0, 0, 0, 0.0279937791601866, 0, 0, 0, 0, 0, 
0, 0, 0, 0, 0, 0, 0, 0, 0, 0, 0, 0, 0, 0, 0, 0, 0, 0, 0, 0, 0, 
0, 0, 0, 0, 0, 0, 0, 0, 0, 0, 0, 0, 0, 0, 0, 0.168674698795181, 
0.192771084337349, 1.16867469879518, 0, 0, 0, 0, 0, 0, 0.384615384615385, 
0, 0, 0, 0, 0, 0, 0, 0, 0, 0, 0, 0, 0, -0.393939393939394, 0, 
0, 0, 0, 0, 0, 0, 0, 0, 0, 0, 0, 0, 0, 0, 0, 0, 0, 0, 0, 0, 0, 
0, 0, 0, 0, 0, 0, 0, 0, 0, 0, 0, 0, 0, 0, 0, 0, 0, 0, 0, 0, 0, 
-0.153846153846154, 0, 0, 0, 0, 0, 0, 0, 0, 0, 0, 0, 0, 0, 0, 
0, 0, 0, 0, 0, 0, 0, 0, 0, 0, 0, 0, 0, 0, 0.0384615384615385, 
0, 0, 0, 0, 0, 0, 0.0653188180404355, 0.545454545454545, 0, 0, 
0, 0, 0, 0, 0, 0, 0, 0, 0, -0.0384615384615385, 0.269230769230769, 
0.346153846153846, 0, 0, 0.384615384615385, 0, -0.153846153846154, 
0.0384615384615385, 0, 0, 0, 0, 0, 0, 0, 0, 0, 0, 0, 0, 0, 0, 
0.363636363636364, 0, 0, 0, 0, 0, 0, 0, 0, 0, 0, 0, 0, 0, 0, 
0, 0, 0, 0, 0, 0, 0, 0.127527216174184, 0.909090909090909, 0, 
0, 0, 0, 0, 0.343434343434343, 0, 0, 0, 0, 0, 0, 0, 0, 0, 0, 
0, 0, 0, 0, 0, 0, 0, 0, 0, 0, 0, 0, 0, 0, 0, 0, 0, 0, 0, 0, 0, 
0, 0, 0, 0, 0, 0, 0, 0, 0, 0, 0, 0, 0, 0, 0, 0, 0, 0, 0, 0, 0, 
0, 0, 0, 0, 0, 0, 0, 0, 0, 0, 0, 0, 0, 0, 0, 0, 0, 0, 0, 0, 0, 
0, 0, 0, 0, 0, 0, 0, 0, 0, 0, 0, 0, 0, 0, 0, 0, 0, 0, 0, 0, 0, 
0, 0, 0, 0, 0, 0, 0, 0, 0, 0, 0, 0, 0, 0, 0.127527216174184, 
0.909090909090909, 0, 0, 0, 0, 0, 0.343434343434343, 0, 0, 0, 
0, 0, 0, 0, 0, 0, 0, 0, 0, 0, 0, 0, 0, 0, 0, 0, 0, 0, 0, 0, 0, 
0, 0, 0, 0, -0.0303030303030303, 0, -0.995334370139969, -0.0279937791601866, 
0, 0, -0.0653188180404355, 0, 0, 0.0279937791601866, 0, 0, 0, 
0, 0.0653188180404355, 0, 0.127527216174184, 0, 0, 0, 0.127527216174184, 
0, 0, 7.54545454545455, 0, 0, 0, 0, 0, 2.29292929292929, 0, -4.36363636363636, 
0, 0, 0, -0.545454545454546, 0, 0, 0, 0, 0, 0, 0, 0.545454545454545, 
0, 0.909090909090909, 0, 0, 0, 0.909090909090909, 0, 7.54545454545455, 
0, 0, 0, 0, 0, 0, 0.272727272727273, 0, 0, 0, 0, 0, 0, 0, 0, 
0, 0, 0, 0, 0, 0, 0, 0, 0, 0, 0, 0, 0, 0, 0, 0, 0, 0, 0, 0, 0.343434343434343, 
0, 0, 0, 0, 0, 0, 0, 0, 0, 0, 0, 0, 0, 0, 0, 0, 0, 0, 0, 0, 0, 
0, 0, 0, 0, 0, 0, 0, 0, 0, 0, 0, 0, 0, 0, 0, 0, 0, 0, 0, 0, 0, 
0, 0, 0, 0, 0, 0, 0, 0, 0, 0, 0, 0, 0, 0, 0, 0, 0, 0, 0, 0, 0, 
0, 0, 0, 0, 0, 0, 0, 0, 0, 0, 0, 0, 0, 0, 0, 0, 0, 0, 0, 0, 0, 
0, 0, 0, 0, 0, 0, 0, 0, 0, 0, 0, 0, 0, 0, 0, 0, 0, 0, 0, 0, 0, 
0, 0, 0, 0, 0, 0, 0, 0, 0, 0, 0, 0, 0, 0, 0, 0, 0, 0.0404040404040404, 
-0.494949494949495, 0, 0, -0.393939393939394, 0, 0, 0, 0.363636363636364, 
0.343434343434343, 0, 0, 0, 0.343434343434343, -0.0303030303030303, 
2.29292929292929, 0.272727272727273, 0.343434343434343, 0, 0, 
0, 0, 0, 0, 0, 0, 0, 0, 0, 0, 0, 0, 0, 0, 0, 0, 0, 0, 0, 0, 0, 
0, 0, 0, 0, 0, 0, 0, 0, 0, 0, 0, 0), .Dim = c(29L, 29L), .Dimnames = list(
    c("pb", "Anthocorid", "BEB", "Cercopid..brn.", "Cocc.nymph..blk.orng.", 
    "edge.mnr.", "egg.on.a.stick", "Fly..brn.rnd.", "Fly..gldn.Dolicho.", 
    "Globuli", "Lbb..many.spt.", "Lf.tier", "Lfhppr..brn.", "Lfhppr..fisheye.", 
    "Lfhppr..grn.", "Melyrid..gry.blk.", "midge", "Muscid", "Myrm.ant", 
    "Paras.", "Phylla", "punkie", "red.mite", "Syrphid..lttl.yllw.", 
    "T.dip", "Thec..aff.", "Thrip..blk.", "Tip..mnr", "Tip.roller"
    ), c("pb", "Anthocorid", "BEB", "Cercopid..brn.", "Cocc.nymph..blk.orng.", 
    "edge.mnr.", "egg.on.a.stick", "Fly..brn.rnd.", "Fly..gldn.Dolicho.", 
    "Globuli", "Lbb..many.spt.", "Lf.tier", "Lfhppr..brn.", "Lfhppr..fisheye.", 
    "Lfhppr..grn.", "Melyrid..gry.blk.", "midge", "Muscid", "Myrm.ant", 
    "Paras.", "Phylla", "punkie", "red.mite", "Syrphid..lttl.yllw.", 
    "T.dip", "Thec..aff.", "Thrip..blk.", "Tip..mnr", "Tip.roller"
    ))), `T-15.1` = structure(c(0, 0, 5.90697674418605, 0, 0, 
0, 0, 0, 0, 0, 0, 0, 0, 0, 0, 0, 0, 0, 0, 0, -0.578947368421053, 
0, 0, 0, 0, 0, 0, 8.54545454545454, 0, 0, 0, 0, 0, 0, 0, 2.2662332591842e-17, 
0, 0, 0, 0, 0, 0, -0.0120481927710843, 0, 0, 0, 0, 0, 0, 0.18421052631579, 
0, 0, 0, 0, 0, 0, 0.0909090909090909, 0.454545454545454, 5.90697674418605, 
0, 0, 0, 0, 0, 0, 0, 0, 0, 0, 0, 0, 0.662650602409638, 0, 0, 
0, 0, 0, 0, 0, 0, 0, 0, 0, 0, 0, 1.54545454545455, 0, 0, 0, 0, 
0, 0, 0, 0, 0, 0, 0, 0, 0, 0, 0, 0, 0, 0, 0, 0, 0, 0, 0, 0, 0, 
0, 0, 0, 0, 0, 0, 0, 0, 0, 0, 0, 0, 0, 0, 0, 0, 0, 0, 0, 0, 0, 
0, 0, 0, 0, 0, 0, 0, 0, 0, 0, 0, 0, 0, 0, 0, 0, 0, 0, 0, 2.2662332591842e-17, 
0, 0, 0, 0, 0, 0, -0.0120481927710843, 0, 0, 0, 0, 0, 0, 0.18421052631579, 
0, 0, 0, 0, 0, 0, 0.0909090909090909, 0.454545454545454, 0, 2.2662332591842e-17, 
0, 0, 0, 2.2662332591842e-17, 0, 0, 0, 0, 0, 0, 0, 0, 0, 0, 0, 
0, 0, 0, 0, 0, 0, 0, 0, 0, 0, 0, 0.727272727272727, 0, 0, 0, 
0, 0, 0, 0, 0, 0, 0, 0, 0, 0, 0, 0, 0, 0, 0, 0, 0, 0, 0, 0, 0, 
0, 0, 0, 0, 0, 0, 0, 0, 0, 0, 0, 0, 0, 0, 0, 0, 0, 0, 0, 0, 0, 
0, 0, 0, 0, 0, 0, 0, 0, 0, 0, 0, 0, 0, 0, 0, 0, 0, 0, 0, 0, 0, 
0, 0, 0, 0, 0, 0, 0, 0, 0, 0, 0, 0, -0.157894736842105, 0, 0, 
0, 0, 0, 0, 0, 0, 0, 0, 0, 0, 0, 0, 0, 0, 0, 0, 0, 0, 0, -0.072289156626506, 
0, 0, 0, 0, 0, 0, 0, 0, 0, 0, 0, 0, 0, 0, 0.545454545454545, 
0, 0, 0, 0, 0, 0, 0, 0, 0, 0, 0, 0, 0, 0, 0, 0, 0, 0, 0, 0, 0, 
0, 0, 0, 0, 0, 0, 0, 0, 0, 0, 0, 0, 0, 0, 0, 0, 0, 0, 0, 0, 0, 
0, 0, 0, 0, 0, 0, 0, 0, 0, 0, 0, 0, 0, 0, 0, 0, 0, -0.0120481927710843, 
0.662650602409638, 0, 0, -0.0120481927710843, 0, 0, 0, 0, -0.072289156626506, 
0, 0, 0, 0, 0, 0, 0, 0, 0, 0, 0, 0, 0, 0, 0, 0, 2.63636363636364, 
0, 0, 0, 0, 0, 0, 0, 0, 0, 0, 0, 0, 0, 0, 0, 0, 0, 0, 0, 0, 0, 
0, 0, 0, 0, 0, 0, 0, 0, 0, 0, 0, 0, 0, 0, 0, 0, 0, 0, 0, 0, 0, 
0, 0, 0, 0, 0, 0, 0, 0, 0, 0, 0, 0, 0, 0, 0, 0, 0.181818181818182, 
0, 0, 0, 0, 0, 0, 0, 0, 0, 0, 0, 0, 0, 0, 0, 0, 0, 0, 0, 0, 0, 
0, 0, 0, 0, 0, 0, 0.454545454545455, 0, 0, 0, 0, 0, 0, 0, 0, 
0, 0, 0, 0, 0, 0, 0, 0, 0, 0, 0, 0, 0, 0, 0, 0, 0, 0, 0, 0, 0, 
0, 0, 0, 0, 0, 0, 0, 0, 0, 0, 0, 0, 0, 0, 0, 0, 0, 0, 0, 0, 0, 
0, 0, 0, 0, 0, 0, 0, 0, 0, 0, 0, 0, 0, 0, 0, 0, 0, 0, 0, 0, 0, 
0, 0, 0, 0, 0, 0, 0, 0, 0, 0, 0, 0, 0, 0, 0, 0.454545454545455, 
0, -0.578947368421053, 0.18421052631579, 0, 0, 0, 0.18421052631579, 
0, 0, 0, -0.157894736842105, 0, 0, 0, 0, 0, 0, 0, 0, 0, 0, 0, 
0, 0, 0, 0, 0, 0, 0.909090909090909, 2.36363636363636, 0, 0, 
0, 0, 0, 0, 0, 0, 0, 0, 0, 0, 0, 0, 0, 0, 0, 0, 0, 0, 0, 0, 0, 
0, 0, 0, 0, 0.454545454545455, 0, 0, 0, 0, 0, 0, 0, 0, 0, 0, 
0, 0, 0, 0, 0, 0, 0, 0, 0, 0, 0, 0, 0, 0, 0, 0, 0, 0, 0, 0.0909090909090909, 
0, 0, 0, 0, 0, 0, 0, 0, 0, 0, 0, 0, 0, 0, 0, 0, 0, 0, 0, 0, 0, 
0, 0, 0, 0, 0, 0, 0.0909090909090909, 0.454545454545454, 0, 0, 
0, 0, 0, 0, 0, 0, 0, 0, 0, 0, 0, 0, 0, 0, 0, 0, 0, 0, 0, 0, 0, 
0, 0, 0, 0, 0, 0, 0, 0, 0, 0, 0, 0, 0, 0, 0, 0, 0, 0, 0, 0, 0, 
0, 0, 0, 0, 0, 0, 0, 0, 0, 0, 0, 0, 0.272727272727273, 1.36363636363636, 
0, 0, 0, 0, 0, 0, 0, 0, 0, 0, 0, 0, 0, 0, 0, 0, 0, 0, 0, 0, 0, 
0, 0, 0, 0, 0, 0, 0.454545454545455, 0, 8.54545454545454, 0.0909090909090909, 
1.54545454545455, 0, 0, 0.0909090909090909, 0, 0, 0, 0, 0, 0, 
0, 2.63636363636364, 0, 0, 0.454545454545455, 0, 0, 0.454545454545455, 
0.909090909090909, 0.454545454545455, 0, 0.0909090909090909, 
0, 0.272727272727273, 0.454545454545455, 0, 0, 0, 0.454545454545454, 
0, 0, 0, 0.454545454545454, 0.727272727272727, 0, 0, 0, 0.545454545454545, 
0, 0, 0, 0, 0.181818181818182, 0, 0, 0, 0, 2.36363636363636, 
0, 0.0909090909090909, 0.454545454545454, 0, 1.36363636363636, 
0, 0, 0), .Dim = c(29L, 29L), .Dimnames = list(c("pb", "Anthocorid", 
"BEB", "Cercopid..brn.", "Cocc.nymph..blk.orng.", "edge.mnr.", 
"egg.on.a.stick", "Fly..brn.rnd.", "Fly..gldn.Dolicho.", "Globuli", 
"Lbb..many.spt.", "Lf.tier", "Lfhppr..brn.", "Lfhppr..fisheye.", 
"Lfhppr..grn.", "Melyrid..gry.blk.", "midge", "Muscid", "Myrm.ant", 
"Paras.", "Phylla", "punkie", "red.mite", "Syrphid..lttl.yllw.", 
"T.dip", "Thec..aff.", "Thrip..blk.", "Tip..mnr", "Tip.roller"
), c("pb", "Anthocorid", "BEB", "Cercopid..brn.", "Cocc.nymph..blk.orng.", 
"edge.mnr.", "egg.on.a.stick", "Fly..brn.rnd.", "Fly..gldn.Dolicho.", 
"Globuli", "Lbb..many.spt.", "Lf.tier", "Lfhppr..brn.", "Lfhppr..fisheye.", 
"Lfhppr..grn.", "Melyrid..gry.blk.", "midge", "Muscid", "Myrm.ant", 
"Paras.", "Phylla", "punkie", "red.mite", "Syrphid..lttl.yllw.", 
"T.dip", "Thec..aff.", "Thrip..blk.", "Tip..mnr", "Tip.roller"
))), `WC-5.1` = structure(c(0, 0, 3.57894736842105, 0, 0, 0, 
0, 0, 0, 0, 0, 0, 0, 0, 0, 0, 0, 0, 0, 0, 0, 0, 0, 0, 0, 0, 0, 
0, 0, 0, 0, -0.0263157894736842, 0, 0, 0, 0.259259259259259, 
0, 0, 0, 0, 0, 0, 0, 0, 0, 0, 0, 0, 0, 0.0846153846153846, 0.333333333333333, 
0, 0, 0, 0, 0, 0, 0, 3.57894736842105, -0.0263157894736842, 0, 
0, 0, 0, 0, 0, 0, 0, 0, 0, 0, -0.206896551724138, 0, 0, 0, 0, 
0, 0, 0, 0, 0, 0, 0, 0, 0, 0, 0, 0, 0, 0, 0, 0, 0, 0, 0, 0, 0, 
0, 0, 0, -0.0172413793103448, 0, 0, 0, 0, 0, 0, 0, 0, 0, 0, 0, 
0, 0, 0, 0, 0, 0, 0, 0, 0, 0, 0, 0, 0, 0, 0, 0, 0, 0, 0, 0, 0, 
