structure(list(sim = c(0.650407666068784, 0.655214821141409, 
0.663120402126562, 0.668864176251987, 0.646727937093372, 0.648102572418541, 
0.667481250014385, 0.667059683890505, 0.65657776872544, 0.663516662347668, 
0.670660835152912, 0.669230955550425, 0.644956263400718, 0.64130908759941, 
0.65872976505004, 0.647595259334955, 0.644287690317641, 0.670055877313183, 
0.662143895475304, 0.637815175632006, 0.6660722100024, 0.65682002834151, 
0.653804816755539, 0.655498918633931, 0.662983351538558, 0.661305498052485, 
0.65033915536233, 0.636101599032876, 0.646200844752419, 0.654279429753586, 
0.641483221303443, 0.635243208348043, 0.651271812018605, 0.6510696395716, 
0.676265059926024, 0.641054798749199, 0.653747317759546, 0.659697242366452, 
0.65246635252576, 0.654308293809906, 0.642024925489001, 0.65529160072614, 
0.655009673152175, 0.649128888953432, 0.660831986241861, 0.654488207007357, 
0.65738812502114, 0.664742529293351, 0.659717576761871, 0.66461964915521, 
0.650474797729405, 0.635281328013192, 0.663413072774539, 0.654300806728947, 
0.670207398975981, 0.647765843326852, 0.638040498125153, 0.680277258806387, 
0.672422645855981, 0.651921781877141, 0.648971583868318, 0.639547993282387, 
0.657308989605532, 0.652420908979848, 0.661247887616486, 0.656924695285239, 
0.656095702392803, 0.650795351296804, 0.676720600975252, 0.645094179050218, 
0.644287894339895, 0.656673895536343, 0.649904961507632, 0.65303563969544, 
0.651186596037907, 0.641997309354269, 0.649191616242557, 0.647479441592127, 
0.649251092185757, 0.660384651452905, 0.646495114271486, 0.653653810951158, 
0.668893465027701, 0.655724721392849, 0.681961522263817, 0.660280726197585, 
0.666657231147183, 0.669109262780209, 0.654021334769073, 0.64816387363702, 
0.652538892464363, 0.660535589177835, 0.658724547933454, 0.662398700901123, 
0.662202039539833, 0.658167728331799, 0.668947948264669, 0.656632382675431, 
0.648920914563726, 0.656279210667028, 0.651031164568725, 0.660742269642901, 
0.644166581826154, 0.642541736017079, 0.664486641313225, 0.657870398522684, 
0.651060652943052, 0.636238942416687, 0.656203935557041, 0.665985099976579, 
0.647256789543704, 0.64209084848785, 0.658584854893474, 0.636917000217012, 
0.66196108599674, 0.648769115632183, 0.656879338757293, 0.645444703594714, 
0.632417679079493, 0.652889200098036, 0.65032818975774, 0.638690618840499, 
0.661977956280321, 0.657096909199703, 0.647513723176938, 0.664693296924747, 
0.666953735953171, 0.641580967421086, 0.655937410803894, 0.664942678600326, 
0.668141412719819, 0.658570739867533, 0.639890778886767, 0.653538956385477, 
0.656400492266104, 0.642123608215893, 0.653974447472058, 0.649151636001811, 
0.661958704926503, 0.661232183432077, 0.662516347741399, 0.662231371609732, 
0.65534926776252, 0.663747620704952, 0.663862801396721, 0.641685176845476, 
0.650673779882378, 0.663504615667924, 0.646579703002901, 0.653570951935446, 
0.652434204421681, 0.658882036901318, 0.647855995647846, 0.665918621045508, 
0.659750921081728, 0.652025726057701, 0.66472759024011, 0.650862813495311, 
0.665395310406135, 0.655631756073729, 0.651510107785428, 0.653993450492999, 
0.646197721487472, 0.642799917636994, 0.636139454143838, 0.658242525836659, 
0.653953615062965, 0.656932766465864, 0.653821012230987, 0.656758842455807, 
0.648731140747814, 0.650046675753726, 0.64740393990049, 0.658128468317, 
0.654070764307098, 0.664121290231275, 0.662638924186805, 0.661292143967083, 
0.650341646094333, 0.64709143502529, 0.66217744806224, 0.66373880264959, 
0.644973882215428, 0.651739626960583, 0.650835249136879, 0.666274730898111, 
0.641503928478447, 0.662718588852919, 0.664170436861932, 0.652266712657135, 
0.642489951711652, 0.658555947904056, 0.678850868094018, 0.652483119017457, 
0.636226735524595, 0.648245658752266, 0.645971978871556, 0.665421600481132, 
0.664628938497131, 0.652161255490023, 0.66098279954447, 0.6625483021363, 
0.653985551445571, 0.658789590492322, 0.655745141006108, 0.646039018791276, 
0.647054152670168, 0.666353586637112, 0.664446803749117, 0.625212175488237, 
0.656302297404404, 0.670047904983717, 0.657582296919459, 0.655224652081033, 
0.643673334545154, 0.659763708740572, 0.636877398568778, 0.657879472283289, 
0.652376279296978, 0.66315765606338, 0.639650384808452, 0.652496682565002, 
0.653100039197279, 0.656243654581097, 0.660781200326053, 0.667509585865776, 
0.654128337127952, 0.663209559495843, 0.670487244603492, 0.654257749287094, 
0.665375382546395, 0.65397949952715, 0.650387805404531, 0.660674708495576, 
0.639398650542353, 0.652111655418163, 0.671186516335703, 0.673699518099414, 
0.664224963598898, 0.648756395811987, 0.65024968443951, 0.651955485977006, 
0.67038513473595, 0.66211659705047, 0.660432764989129, 0.648958100175841, 
0.654999750519933, 0.650112214410078, 0.6591565735411, 0.659822351518392, 
0.668230198520689, 0.673394258951175, 0.654035582065469, 0.637366902856719, 
0.653009123465806, 0.659902213966824, 0.661040729277769, 0.641819098291315, 
0.650688070429023, 0.662609415104682, 0.648575937528927, 0.670544489082649, 
0.631641603228519, 0.660123860778919, 0.66930289079668, 0.662188714065952, 
0.664451975961203, 0.666464125991196, 0.661888619298622, 0.670041678567241, 
0.656418527741442, 0.654252382874203, 0.655012185086741, 0.671427673198863, 
0.646059252114921, 0.634216979542142, 0.6450674679925, 0.66446215031894, 
0.64045076944501, 0.651082255442252, 0.647562619042731, 0.656654056236177, 
0.661642412172668, 0.663776409764625, 0.66297244478103, 0.633699340480261, 
0.656280265303426, 0.651568949932172, 0.652874042539534, 0.646354159322709, 
0.661799077857567, 0.642928880155241, 0.651744213848604, 0.678243034948031, 
0.653502800647015, 0.658292103861504, 0.633753797620838, 0.665846333925042, 
0.646336934112181, 0.645447347482156, 0.650780606253805, 0.683710924445334, 
0.66710347661472, 0.657485138777127, 0.662111101414502, 0.665207263546194, 
0.637064796193997, 0.662864660249515, 0.653795834864846, 0.64220521558618, 
0.655517634060069, 0.644992725974692, 0.651464491452464, 0.649294283220987, 
0.661878848478055, 0.659573772979396, 0.664879923016047, 0.642879009701545, 
0.661094073951674, 0.667626523707866, 0.662435066156212, 0.665657001044068, 
0.682354787038801, 0.657897962948822, 0.657998845508967, 0.668868192530439, 
0.664176371006744, 0.669062652069634, 0.656699503667944, 0.661894671210487, 
0.657167847547182, 0.630424988779759, 0.655862520588047, 0.647979751709427, 
0.661113553054344, 0.663962130844939, 0.661568461715422, 0.660036893438742, 
0.648720850324709, 0.646270456113694, 0.649766838187862, 0.643231406215039, 
0.658409267348703, 0.663263124930703, 0.661293508042252, 0.643031984679447, 
0.632397752240389, 0.65952299755592, 0.658284414582354, 0.67156330382305, 
0.656127221100153, 0.656484233591042, 0.658129054466452, 0.67057255603433, 
0.640419625427148, 0.657462335209986, 0.648739389981194, 0.658649982029377, 
0.655764613409325, 0.660965030516123, 0.663038811724258, 0.648590604486407, 
0.661090908408545, 0.66188546368909, 0.641168632048207, 0.646767351612301, 
0.64349641375982, 0.646282293665661, 0.653418893595223, 0.662816295681177, 
0.67096808138709, 0.656049179103104, 0.65397645349247, 0.64548204147789, 
0.653434866670575, 0.65920363086732, 0.650692598519194, 0.659856242588474, 
0.651494386133014, 0.651376106800732, 0.643452353951882, 0.644255468185568, 
0.643175212638116, 0.653769912562795, 0.657287952205578, 0.669672748550233, 
0.650251254817457, 0.639934624872764, 0.660178697398381, 0.661731556865981, 
0.6517187365887, 0.651711814633198, 0.65170693364512, 0.655435109479742, 
0.652906235783925, 0.665082246415621, 0.660408918874505, 0.653123954200098, 
0.651422747095387, 0.659118694647002, 0.661897426113824, 0.648758083315599, 
0.659217354115791, 0.656386425062196, 0.639238109013327, 0.653111604480035, 
0.661608277117362, 0.650886695405741, 0.650032138274855, 0.670273421071407, 
0.655233471406705, 0.649838027288912, 0.660072560359168, 0.653426389166414, 
