structure(list(sim = c(0.683764566238713, 0.677801114274552, 
0.676508406812345, 0.674069990033842, 0.686531914032103, 0.65960720440653, 
0.683680462531308, 0.668679562595448, 0.668606213397395, 0.677362832357615, 
0.665291671151099, 0.680032589831798, 0.669444569812758, 0.670486876979951, 
0.681070124482623, 0.679052714109533, 0.659371770447908, 0.671029745015152, 
0.666533204245143, 0.677182567971434, 0.67389509435299, 0.673398035533159, 
0.683038438160581, 0.669837102060749, 0.684296428795788, 0.665531954866314, 
0.672944029032247, 0.675400128992609, 0.661825522906074, 0.673816460142297, 
0.673697326053018, 0.67252100906405, 0.681034719243915, 0.6688111045167, 
0.673485554191103, 0.674253010698485, 0.677552059577198, 0.6721022034339, 
0.658825336883703, 0.67008813527927, 0.65705096365501, 0.675608287761205, 
0.689109324713301, 0.665337811992227, 0.673519971889002, 0.685096052295527, 
0.670993943594454, 0.672498548321629, 0.677022881164462, 0.676490543325574, 
0.674788862260696, 0.669566509855999, 0.66866635969269, 0.670208414807646, 
0.674392861316546, 0.680630249652406, 0.672727762813403, 0.684497732903232, 
0.669983706828682, 0.685448629853019, 0.671908434940423, 0.668034526022268, 
0.655774739110332, 0.668011446987965, 0.669220162813076, 0.671465591140973, 
0.675281975148397, 0.666974840086146, 0.69173196685497, 0.666274531444972, 
0.690736241741117, 0.673566938686988, 0.683421344246849, 0.676542680918097, 
0.67557126028223, 0.678492619367538, 0.676138185144077, 0.665541959023873, 
0.671502139116962, 0.670756028665297, 0.677225598297638, 0.656323376967698, 
0.675809733657059, 0.648290128614611, 0.671026846314637, 0.664355616260007, 
0.66295956617004, 0.676886144139414, 0.688174880054495, 0.677040115622368, 
0.668518602307683, 0.677071701678787, 0.663863888495251, 0.677381918428158, 
0.670241659482901, 0.673706337175623, 0.661613033366265, 0.673230674098016, 
0.678976158564162, 0.669052277112132, 0.674519901431071, 0.674665541940137, 
0.669638035329046, 0.66090765884879, 0.679975928813335, 0.667732760680582, 
0.676826833780246, 0.673605193004077, 0.669621474261042, 0.67857160084743, 
0.688990035657252, 0.671146344442613, 0.670389403542401, 0.683839391065684, 
0.681290911799424, 0.67755805630501, 0.671767876501827, 0.675035810886526, 
0.669015808457054, 0.687293446944844, 0.686296609455325, 0.67601011545382, 
0.675254867894826, 0.674254144975019, 0.677725818644827, 0.686831375269275, 
0.682177582895528, 0.670840728747353, 0.692226971409444, 0.681731354174669, 
0.675608009033624, 0.666099336230543, 0.674669379389404, 0.676425638455715, 
0.658956641983073, 0.662144146773743, 0.678572599637513, 0.668570825569199, 
0.664726420207538, 0.676030946635888, 0.667355044459106, 0.659450681553776, 
0.674443293501272, 0.67106483328431, 0.674597203201126, 0.680352482653572, 
0.672775259501706, 0.677405551749678, 0.675052140458614, 0.672107835835243, 
0.653659034441727, 0.678535390160599, 0.67706740756616, 0.67343239380932, 
0.685140250373788, 0.676552560088104, 0.672011650015926, 0.68026239956583, 
0.675380094073348, 0.666349779290361, 0.682347939304893, 0.68203350421811, 
0.67630667556144, 0.672626750813797, 0.67360755234426, 0.680179663508139, 
0.678752318995404, 0.669838320339735, 0.676036780640272, 0.674261602606804, 
0.67571123405926, 0.664292079713914, 0.678949000460088, 0.675779957743402, 
0.673701916332787, 0.660955464138839, 0.678039883105929, 0.674550564137539, 
0.692666340608137, 0.666615203905777, 0.669120177625909, 0.682265140620583, 
0.669120369352969, 0.672024247079578, 0.67509532502567, 0.677055599347275, 
0.654120791435781, 0.680956217817954, 0.673239212475455, 0.687360412546298, 
0.670580580300406, 0.67078670765412, 0.673437486850976, 0.679262501973904, 
0.688690269848544, 0.675607297757607, 0.67582319366587, 0.675921967909016, 
0.681215461473088, 0.667529247980432, 0.681994042584029, 0.696119747384481, 
0.662516076393609, 0.684064477913452, 0.67447776518235, 0.676850859213605, 
0.678337985677633, 0.667672829226618, 0.669966128036022, 0.673613954524981, 
0.669882683519197, 0.663561063228247, 0.685509109953212, 0.664033745490173, 
0.686689626825486, 0.673135536902993, 0.674125656271267, 0.665637992922706, 
0.662670028297025, 0.671025145558451, 0.674823224911726, 0.680820829227123, 
0.677408506953573, 0.679722329083464, 0.685002712486834, 0.666994510123646, 
0.674913657141661, 0.677114365074938, 0.671913156854829, 0.683410317657118, 
0.669130144915479, 0.678975443529107, 0.672156368964775, 0.678036224927088, 
0.68230707851754, 0.669394064621106, 0.673033936932106, 0.679532037812536, 
0.674066416635731, 0.675686310031955, 0.674496422779034, 0.678252015836092, 
0.690437393685247, 0.662691300778019, 0.670592086075935, 0.67638757816407, 
0.66914051634845, 0.662850584231816, 0.670235920458652, 0.663748629340703, 
0.689212165522563, 0.684030927728151, 0.682346640675532, 0.681158555997387, 
0.682823121722265, 0.65814954164044, 0.662427217843366, 0.679317399799511, 
0.677992628707067, 0.671833491174758, 0.680672105608223, 0.677057803766129, 
0.681135610945255, 0.682831953822327, 0.679416885382352, 0.673179143211587, 
0.672562448089908, 0.680803883050516, 0.671499138091533, 0.669146862849428, 
0.677490730875329, 0.681747893083335, 0.667293791601818, 0.682935228748716, 
0.66719495053918, 0.665214292378484, 0.667877469358517, 0.676535056316033, 
0.674384662576806, 0.676642987885401, 0.664915682747744, 0.685080013284401, 
0.661229966817224, 0.662072263453475, 0.661910888384341, 0.672151034997094, 
0.680289535439239, 0.685911231943481, 0.67931945149344, 0.696203342880816, 
0.672021066108874, 0.66731773080397, 0.679854041738616, 0.679336083833262, 
0.670969805313791, 0.685027371178186, 0.67526329865182, 0.682784380929186, 
0.683343242350423, 0.67699212602037, 0.678476546458293, 0.681815742652459, 
0.663932117584123, 0.674978661324246, 0.667125415023053, 0.689853414145538, 
0.679671509567674, 0.671054531098274, 0.674670351558541, 0.678349202382107, 
0.6732437976152, 0.660355393084666, 0.672364000823094, 0.661216914856041, 
0.684417423470779, 0.682217908273217, 0.680209800326845, 0.680047715457938, 
0.678354444880689, 0.675534469462753, 0.676496338277061, 0.675113572823554, 
0.674678759778478, 0.684042188735301, 0.694268320054571, 0.681687760994076, 
0.681397918485937, 0.674548024145575, 0.683857805377655, 0.687935204852805, 
0.673695090058715, 0.672727211902011, 0.678623233989867, 0.674539250915406, 
0.673900273823605, 0.670052685035452, 0.683636733681289, 0.6880474529576, 
0.677808491523271, 0.680485465223295, 0.676898997436462, 0.664050784209806, 
0.65889392774936, 0.664272817353774, 0.677359021734793, 0.669308967695901, 
0.678007221171134, 0.667638807776001, 0.688546825206358, 0.674322902326539, 
0.675684711026898, 0.66799184456278, 0.680083388027618, 0.665839734725203, 
0.675232029755313, 0.673112209442206, 0.65557854288911, 0.689977137830921, 
0.675003603845076, 0.670640942658476, 0.668912884453325, 0.664831733375031, 
0.674521793326737, 0.668573256439717, 0.666255708478408, 0.683809468992183, 
0.670866913633339, 0.688303986398108, 0.690527860657676, 0.683067788341887, 
0.672830297054783, 0.688703780059451, 0.689954082250403, 0.675136352043641, 
0.68090738161732, 0.683621267861107, 0.669248349987646, 0.656443123245192, 
0.675303684572121, 0.682929889136722, 0.686051393613052, 0.661541768612724, 
0.678929557736168, 0.686489764194182, 0.672665453288385, 0.67438667744537, 
0.680827703177506, 0.671424269502291, 0.660009560269638, 0.671420913196031, 
0.676536889209533, 0.66474641427392, 0.674977788295096, 0.677851142871655, 
0.670543417542177, 0.670131551080502, 0.691314858889423, 0.655612358559185, 
0.677634481850913, 0.670033255738751, 0.675010052666877, 0.677825402118956, 
0.674444128438242, 0.662760287351133, 0.661414626901707, 0.671307504889452, 
0.672082251598718, 0.667929656824566, 0.686196059006183, 0.675631951916867, 
0.684146628913275, 0.669707298901639, 0.674473549859802, 0.661085835457988, 
