structure(list(null = c(0.218669, 0.226569), results = structure(c(0.209428, 
-2.36137862041311, 0, 1), .Names = c("obs", "z", "lower.p", "upper.p"
))), .Names = c("null", "results"))
